0 1.0
1 1.0
2 0.5
3 1.0
2 0.5
4 1.0
5 0.02930340034633891
2 0.038740119938074295
2 0.05373489744609234
5 0.030709218128453748
5 0.030709218128453748
5 0.014817757734465658
5 0.020553129249866048
2 0.05373489744609234
2 0.057410321924354024
5 0.029003409067539815
5 0.037753680164012676
5 0.029003409067539815
5 0.037753680164012676
5 0.029980384465105946
5 0.029980384465105946
5 0.029980384465105946
5 0.029980384465105946
5 0.01579473313203179
5 0.029980384465105946
5 0.029980384465105946
5 0.03201830864861228
5 0.037753680164012676
2 0.0766119452317739
5 0.029003409067539815
5 0.021230113368633084
5 0.021230113368633084
5 0.029003409067539815
5 0.037753680164012676
2 0.09870468419493901
5 0.03201830864861228
5 0.037753680164012676
2 0.056289139778603024
5 0.020553129249866048
5 0.013508667214307117
3 1.0
2 0.09870468419493901
5 0.037753680164012676
2 0.09870468419493901
5 0.02356802883093852
5 0.037753680164012676
5 0.037753680164012676
5 0.037753680164012676
2 0.09870468419493901
2 0.038740119938074295
5 0.020553129249866048
2 0.05373489744609234
2 0.038740119938074295
5 0.037753680164012676
2 0.038740119938074295
2 0.09870468419493901
5 0.08890298937218319
5 0.08890298937218319
5 0.04735744570508198
5 0.04735744570508198
5 0.050548696710232044
5 0.08890298937218319
5 0.08890298937218319
2 0.5
5 0.05155559091617267
5 0.08890298937218319
5 0.06675122482653346
5 0.06675122482653346
5 0.06675122482653346
5 0.06950921025073169
5 0.08890298937218319
2 0.5
5 0.5
6 1.0
5 0.5
2 0.7417481649483728
2 0.25825183505162713
5 0.17856096251852424
5 0.17856096251852424
5 0.17856096251852424
2 0.6503980074384446
5 0.0619903143640176
5 0.09488802304378617
5 0.17856096251852424
3 1.0
5 0.09598010383833072
2 0.34960199256155555
5 0.03289770867976858
7 1.0
2 0.19468920685806554
2 0.43078468915885
3 1.0
5 0.05424374025054012
5 0.033470994130550664
5 0.033470994130550664
5 0.06024086005720769
5 0.07639318120842666
5 0.07639318120842666
5 0.11681380553019671
5 0.10157074109184884
5 0.10157074109184884
5 0.08541841994062989
5 0.07942130013396231
5 0.07942130013396231
5 0.10157074109184884
2 0.3053107931419345
2 0.06921531084115001
3 0.2521392124526843
3 0.2521392124526843
5 0.12700717366518915
5 0.12700717366518915
5 0.10080451834721187
5 0.04435078328967283
5 0.019238605098605442
5 0.04544126041658273
5 0.08265639037551631
5 0.10189499547412174
5 0.12700717366518915
5 0.12700717366518915
3 0.2521392124526843
3 0.10187205442598864
5 0.09758475233753237
3 0.14171030821595848
5 0.05677138888800385
5 0.07602180635100952
5 0.07602180635100952
8 0.12446531554007143
5 0.043259942489090625
5 0.09804966981195622
8 0.130774813860662
5 0.09804966981195622
8 0.17269803260100847
5 0.09804966981195622
5 0.07681759078381228
5 0.09804966981195622
8 0.17662527961794913
5 0.0828094462653368
5 0.09804966981195622
8 0.17269803260100847
5 0.09804966981195622
8 0.22273852577930056
5 0.12459778989848161
5 0.12459778989848161
5 0.05056956634845538
5 0.07873752724488865
5 0.07402822355002624
5 0.09732153899127698
5 0.12459778989848161
5 0.12459778989848161
5 0.10283064398314433
5 0.0981213402882819
2 1.0
6 1.0
5 0.2058521088441151
5 0.2058521088441151
5 0.2058521088441151
5 0.1552154077861404
5 0.10829028281036095
3 1.0
5 0.11893798287115348
5 0.08925068756209147
5 0.0702541744869253
5 0.08925068756209147
6 1.0
5 0.08925068756209147
2 0.1391595777999613
2 0.14643142656415667
5 0.08925068756209147
5 0.07510968587959072
5 0.08925068756209147
5 0.0696427218651188
5 0.06886014713208367
5 0.06886014713208367
2 0.2623204505631695
1 1.0
7 1.0
2 0.1732797970089544
5 0.030255668359944844
5 0.030255668359944844
2 0.2788087480637581
5 0.0702541744869253
5 0.0702541744869253
5 0.10626295772588665
5 0.08085926182954066
3 0.5
5 0.10626295772588665
5 0.08085926182954066
5 0.05665107396835385
5 0.05665107396835385
5 0.05665107396835385
5 0.042789285370159275
5 0.06227816432056817
5 0.10626295772588665
5 0.10626295772588665
3 0.5
5 0.059813938166305335
5 0.03441024226995935
5 0.04398479340531847
5 0.19563765401992644
5 0.19563765401992644
5 0.19563765401992644
3 0.7524788711476097
5 0.10872469196014706
5 0.10872469196014706
5 0.19563765401992644
2 0.5904927825797089
3 0.24752112885239036
2 0.26248875681766587
2 0.14701846060262527
3 0.5
3 0.5
5 0.11227120058339171
5 0.11227120058339171
5 0.08587366458443148
5 0.06074370307306241
5 0.03950863423159181
5 0.06590617023055204
5 0.06420163543276186
5 0.11227120058339171
5 0.08587366458443148
5 0.08587366458443148
5 0.08587366458443148
5 0.08933159694413093
5 0.12889101161692412
2 1.0
5 0.04224409357441107
5 0.07898258810360026
5 0.09801797903763786
5 0.09801797903763786
6 0.23350068522097814
5 0.03396730908154121
5 0.03357004672160233
5 0.06127948450844867
5 0.0557738854632268
5 0.07441201403732552
5 0.07441201403732552
6 0.17726601218452626
5 0.03396730908154121
5 0.05757327408185356
5 0.12889101161692412
6 0.16329317375338498
6 0.1188929949696782
6 0.3070471338714323
2 0.5877396062561254
5 0.09350629804883276
5 0.13330738443875903
5 0.13330738443875903
5 0.09350629804883276
5 0.06627317821977952
5 0.06627317821977952
5 0.06627317821977952
5 0.06880792783692284
5 0.07070023130070822
5 0.11453864317901398
2 0.41226039374387463
5 0.09350629804883276
5 0.2703749741586368
2 0.7012445415337433
5 0.2703749741586368
5 0.20815436693163156
5 0.13590619723523512
5 0.11518948751585971
2 0.2987554584662568
5 0.16656250358240268
5 0.16656250358240268
3 1.0
5 0.16656250358240268
5 0.12377895364531198
5 0.12377895364531198
5 0.08425152732072262
5 0.08425152732072262
5 0.08425152732072262
5 0.0
5 0.23926824583709178
5 0.33417997004364275
3 0.6752654187997467
5 0.4265517841192654
3 0.32473458120025334
7 1.0
2 0.5843472269014356
5 0.06607527817392851
5 0.0858201645813668
5 0.06607527817392851
5 0.047798172986242234
5 0.028722985412358553
5 0.050841594098778385
5 0.06674497700748312
5 0.0858201645813668
2 0.41565277309856435
5 0.0858201645813668
5 0.0858201645813668
8 0.5054924393106197
5 0.073000562077713
5 0.0858201645813668
8 0.49450756068938023
5 0.0858201645813668
3 1.0
5 0.0858201645813668
5 0.3929862472701295
6 0.4765278179894947
5 0.3929862472701295
6 0.3255011835114846
5 0.21402750545974095
6 0.1979709984990206
8 1.0
5 1.0
5 1.0
3 0.38066844091543245
2 0.347331836382858
2 0.1328605114125721
3 0.3047085080377425
2 0.1766717513724846
2 0.048397436069066664
3 0.1573115255234124
2 0.09897179631244261
2 0.048397436069066664
3 0.1573115255234124
2 0.09897179631244261
2 0.048397436069066664
5 0.085101794852523
5 0.1395405817566154
5 0.2584525411302872
5 0.2584525411302872
2 0.22712090949065603
5 0.2584525411302872
2 0.7728790905093439
5 0.1493965824672528
5 0.1493965824672528
2 1.0
5 0.11055095986439693
5 0.08030366377987629
5 0.08030366377987629
5 0.09162476378585807
5 0.12187205987037872
5 0.07938995265185661
5 0.07938995265185661
5 0.057771818681394714
5 0.12830221553278587
6 0.2740095197779455
5 0.12830221553278587
6 0.1440897315666478
5 0.0979186819380114
6 0.1965868653816316
5 0.0979186819380114
6 0.15033299042029102
5 0.08367637247410063
6 0.13579964402370026
6 0.09918124882978381
5 0.058361855776502845
5 0.06290569941265627
5 0.0181517435011024
5 0.05392724847828795
5 0.0746979215397323
5 0.0979186819380114
5 0.0979186819380114
5 0.1926910622953964
5 0.145291792145658
5 0.10136680040911755
5 0.0639344752046484
5 0.11133374535438681
5 0.1926910622953964
5 0.1926910622953964
2 1.0
5 0.08880777594439478
5 0.08880777594439478
5 0.1318210713938926
5 0.17837764349931273
5 0.14400680461189772
5 0.10099350916239984
5 0.17837764349931273
2 1.0
5 0.08880777594439478
6 1.0
5 0.19456512417676738
2 0.38696951376315364
5 0.116114889531478
5 0.14785306616137006
5 0.14785306616137006
5 0.18093783866956129
5 0.2126760152994533
2 0.6130304862368462
5 0.13753399602963948
5 0.13753399602963948
5 0.13753399602963948
3 0.8441875968692146
5 0.0500317527432776
3 0.1558124031307854
5 0.08664001645422906
5 0.04748207997552997
5 0.048544077914929075
5 0.07963209276383697
5 0.13753399602963948
5 0.13753399602963948
6 1.0
5 0.31814225515865857
2 0.48917148034955743
5 0.35053821899494875
5 0.33131952584639274
2 0.5108285196504425
5 0.2333017730888711
5 0.3018606350640437
5 0.3018606350640437
2 0.6425103057981614
2 0.14592752500999795
5 0.1629769567830414
2 0.21156216919184057
5 0.205373291946438
5 0.15872872309447297
5 0.11088267312113825
5 0.06762415909310994
5 0.046644568851965024
5 0.205373291946438
5 0.205373291946438
5 0.12544842078784674
5 0.12544842078784674
5 0.16863803832674792
5 0.16863803832674792
5 0.16863803832674792
5 0.0854809833434772
2 1.0
5 0.12867060088237842
5 0.02903745921820708
5 0.18393339801908043
5 0.1368265104396454
5 0.09323405258020225
5 0.09323405258020225
5 0.14034094015963727
5 0.18393339801908043
3 1.0
5 0.1368265104396454
5 0.03167113776250658
5 0.02732214172391385
5 0.03404206350658204
5 0.03507614498181974
3 0.578031896303798
5 0.03341382863383596
5 0.03341382863383596
5 0.04328472628205054
5 0.03341382863383596
5 0.04328472628205054
5 0.04328472628205054
5 0.027317346375177104
5 0.03507614498181974
5 0.04328472628205054
5 0.04328472628205054
5 0.04328472628205054
5 0.03507614498181974
3 0.42196810369620197
5 0.03341382863383596
5 0.03341382863383596
5 0.04328472628205054
5 0.04328472628205054
2 0.3253435879680901
5 0.024171165858367472
5 0.03341382863383596
5 0.03341382863383596
5 0.03341382863383596
5 0.03341382863383596
5 0.02480419607985029
5 0.04328472628205054
2 0.32529776476982675
2 0.3493586472620831
5 0.03341382863383596
5 0.03341382863383596
5 0.2115643884885678
2 0.6257787899064406
5 0.07272758511744953
5 0.05378977652840077
5 0.09416050965408714
5 0.1701160689201844
5 0.1701160689201844
5 0.10100824072527566
5 0.1265173616458503
2 0.37422121009355935
2 0.6985686705343968
5 0.058707377853458025
5 0.016198049550098636
5 0.044465123410146766
5 0.058707377853458025
5 0.058707377853458025
5 0.058707377853458025
5 0.07132690390640734
2 0.3014313294656033
3 0.5
5 0.055128854356308696
5 0.04153019469521365
5 0.058707377853458025
5 0.058707377853458025
5 0.058707377853458025
5 0.058707377853458025
3 0.5
5 0.058707377853458025
5 0.058707377853458025
5 0.058707377853458025
5 0.058707377853458025
5 0.025332145145115018
5 0.04153019469521365
5 0.19611536715216976
5 0.19611536715216976
5 0.19611536715216976
2 0.5692217048364953
5 0.10776926569566041
5 0.10776926569566041
5 0.19611536715216976
2 0.43077829516350474
5 0.13614188343984412
2 0.0745819662516481
3 0.22501341035264313
2 0.05160740982242707
2 0.10131057941111739
5 0.20421572170640748
5 0.2763516115284103
2 0.11958205528126299
3 0.3249597689420706
2 0.05160740982242707
2 0.14631066844073226
5 0.2110414614699067
2 0.0745819662516481
3 0.22501341035264313
2 0.05160740982242707
2 0.10131057941111739
5 0.17224932185543154
2 0.0745819662516481
3 0.22501341035264313
2 0.10131057941111739
2 0.05160740982242707
5 0.31433131715997686
5 0.31433131715997686
6 1.0
5 0.2248031398865865
5 0.14653422579345976
5 0.16824626144783372
5 0.12686006582956444
5 0.16824626144783372
5 0.16824626144783372
5 0.12686006582956444
5 0.08850740143628458
5 0.055823743471408054
5 0.09720993908967734
5 0.07457619044036481
2 0.2860351828942473
5 0.04907355628069385
2 0.1970883349288588
5 0.050062236292736255
5 0.07220935195635675
5 0.06434923494439847
5 0.04907355628069385
5 0.04907355628069385
5 0.04907355628069385
5 0.047580830964469696
5 0.021273002495836583
5 0.024628520991887053
5 0.06434923494439847
2 0.258438241088447
5 0.06434923494439847
5 0.04907355628069385
5 0.047580830964469696
5 0.04907355628069385
5 0.06434923494439847
5 0.06434923494439847
2 0.258438241088447
5 0.024628520991887053
5 0.021273002495836583
5 0.17860558152345396
5 0.17860558152345396
5 0.1502658159318633
5 0.14002596162962141
5 0.1003458118363703
5 0.1003458118363703
5 0.11322581582503433
5 0.038579619893832545
7 1.0
2 0.37744754500212346
2 0.24241393427345867
2 0.3801385207244178
4 1.0
5 0.16643216199865044
5 0.16643216199865044
2 1.0
5 0.16643216199865044
5 0.1238074879084156
5 0.1238074879084156
5 0.08436284606240588
5 0.08436284606240588
5 0.08436284606240588
5 1.0
3 1.0
2 0.6767158216704111
2 0.3232841783295889
5 0.19611536715216976
5 0.19611536715216976
5 0.19611536715216976
6 1.0
5 0.10776926569566041
5 0.10776926569566041
5 0.19611536715216976
3 1.0
5 1.0
8 0.5208989446023666
8 0.32421526436657055
8 0.15488579103106273
5 0.22862959688936013
6 0.6426845317348601
5 0.19507044150216865
5 0.17007563749976953
6 0.3573154682651398
5 0.11589012157303706
5 0.11589012157303706
5 0.17444408096262767
2 1.0
5 0.36850607915465006
2 0.6493894649625176
5 0.2908863203075132
5 0.14164823863252132
3 1.0
5 0.19895936190531543
2 0.3506105350374824
2 1.0
5 0.06022967764943646
5 0.06859370222261976
3 1.0
5 0.08099398767160707
5 0.035047278529861975
5 0.03717913945224105
5 0.06386239340891971
5 0.08099398767160707
5 0.06022967764943646
5 0.06022967764943646
5 0.06022967764943646
5 0.08099398767160707
5 0.06022967764943646
5 0.06022967764943646
5 0.06022967764943646
5 0.06022967764943646
5 0.026683253956678664
5 0.043814848219366015
7 1.0
2 0.3564393422686965
2 0.16910158369906586
3 0.32724431405408533
5 0.07759915131399718
5 0.01723483330680312
5 0.04195429182838627
5 0.04195429182838627
5 0.04195429182838627
3 0.24218146039066585
5 0.07444643628273641
5 0.05918912513518939
5 0.04487618355992942
5 0.06560084495068993
5 0.07759915131399718
5 0.07759915131399718
3 0.24218146039066585
3 0.18839276516458317
5 0.032722967754067765
5 0.04195429182838627
5 0.04195429182838627
5 0.05918912513518939
2 0.17067075085416641
5 0.06328620973873722
5 0.06328620973873722
5 0.07759915131399718
2 0.05822528230422031
2 0.24556304087385095
5 0.07920145235872852
2 0.15942192454584753
2 0.05104094152376639
5 0.08512986295917528
5 0.08262976305208575
5 0.11595549885594902
5 0.07781559862279494
6 1.0
5 0.07781559862279494
5 0.10138038336881837
3 0.44021257397679575
5 0.0556366676127051
5 0.06156507821315186
5 0.10138038336881837
5 0.08074485648248897
5 0.08074485648248897
2 0.2759668817232263
7 1.0
3 0.5597874260232043
2 0.14688760195634198
2 0.36668265025081787
5 0.17515599807595172
5 0.138209327245112
5 0.0575183903110964
5 0.03324683950216688
5 0.15088444726702221
5 0.14190915857378486
5 0.10496248774294516
2 0.6194325845043948
5 0.04665852924158726
5 0.07093008005051679
5 0.08052474198981674
2 0.38056741549560513
5 0.10458375278223372
5 0.10458375278223372
5 0.11652415678583798
5 0.13355811882991295
5 0.10970788043266896
5 0.07062648776421518
3 1.0
5 0.08139500131488261
5 0.08139500131488261
5 0.08139500131488261
5 0.05754476291763863
5 0.03549733229325983
5 0.023188751467351113
5 0.07230952599778954
5 0.053354424946298606
5 0.04785484397888844
5 0.03550418102050774
5 0.03835500547267115
2 0.3018015353001733
5 0.04785484397888844
5 0.03763535806746514
2 0.3018015353001733
5 0.07152408886854984
5 0.0628542634525159
2 0.3963969293996534
5 0.0628542634525159
5 0.04785484397888844
5 0.056792527055872725
5 0.04971816336489549
5 0.04785484397888844
3 1.0
5 0.0628542634525159
5 0.0628542634525159
5 0.05731010652416209
5 0.08466018895617024
5 0.5
9 0.41010869932593613
9 0.20096441226213846
5 0.5
9 0.2990355877378616
9 0.08989130067406395
5 0.2638833932295971
5 0.294134631662483
8 0.7101086080694887
5 0.23349311244802728
8 0.2898913919305113
5 0.1306355869810223
2 0.5
5 0.07785327567887038
2 0.5
5 0.06585301103971328
5 0.06585301103971328
5 0.05229497509403365
5 0.06585301103971328
5 0.06585301103971328
5 0.06585301103971328
5 0.06585301103971328
5 0.06585301103971328
5 0.06585301103971328
5 0.036678479712945106
5 0.047121928454893984
5 0.09742983390418816
3 1.0
5 0.09742983390418816
5 0.06585301103971328
2 0.6929886788584491
5 0.047193318245563436
5 0.029174531326768175
2 0.30701132114155094
5 0.03618329039764778
5 0.0
5 0.02229894799131469
5 0.03646422922756032
5 0.050348571633893405
5 0.050348571633893405
5 0.050348571633893405
5 0.050348571633893405
5 0.03618329039764778
5 0.050348571633893405
5 0.050348571633893405
5 0.050348571633893405
5 0.050348571633893405
5 0.050348571633893405
5 0.050348571633893405
5 0.050348571633893405
5 0.07625804562448713
5 0.07625804562448713
2 1.0
3 1.0
5 0.03785353095128724
5 0.02396918854495415
5 0.050348571633893405
5 0.050348571633893405
2 0.31651117795766703
3 1.0
2 0.11776473891122076
5 0.18434801771988057
5 0.2210071202190381
5 0.1973110700733145
5 0.1628254729501598
5 0.11725415951880358
5 0.11725415951880358
2 0.16792333257386058
10 1.0
2 0.18232642987357708
2 0.13398748137986427
2 0.0814868393038101
5 0.03968747647923049
5 0.020696213245266663
5 0.03968747647923049
2 0.13601357429369548
5 0.04066485059142143
5 0.05166901870583848
2 0.13601357429369548
5 0.043783497319072044
5 0.06577032336200184
2 0.09795291189277698
5 0.06577032336200184
2 0.18434037706970044
5 0.05607827823115222
2 0.06508525665912912
5 0.043783497319072044
5 0.02955910874422404
3 0.1962766105225112
2 0.0602403544276066
5 0.05166901870583848
2 0.13601357429369548
5 0.04197697357498886
3 0.8037233894774888
5 0.009692045130849616
5 0.03968747647923049
5 0.06577032336200184
5 0.030972805460571812
5 0.05607827823115222
5 0.06577032336200184
5 0.02379334978701297
2 0.18434037706970044
5 0.06577032336200184
5 0.05166901870583848
5 0.1926910622953964
5 0.145291792145658
5 0.10136680040911755
5 0.0639344752046484
5 0.11133374535438681
5 0.1926910622953964
5 0.1926910622953964
2 1.0
1 1.0
2 0.3408405944619291
2 0.27233142478799227
5 0.15010820495186128
2 0.1583536829558582
5 0.06148374550967451
2 0.22847429779422035
5 0.34661413071306263
5 0.44179391882540153
6 0.6464414969238506
6 0.35355850307614944
3 0.23990378996253472
5 0.09935732667932473
5 0.07147515588537151
5 0.10270790322638207
5 0.18569568431911096
5 0.15300301566499305
2 0.208667496604663
3 0.31485600049410994
2 0.2662979920888527
2 0.06153062402654455
3 0.31485600049410994
5 0.1414903904576357
5 0.1414903904576357
2 0.2662979920888527
3 0.13038420904924541
5 0.10478013330954637
2 0.19720589519108717
5 0.19463889368032192
5 0.19463889368032192
5 0.19463889368032192
5 0.14449300272472165
2 0.5155158972491745
5 0.13579515811715634
5 0.13579515811715634
2 0.48448410275082554
5 0.2689785646945073
2 0.6712434719500383
5 0.2282514605299021
5 0.2689785646945073
5 0.1452236655650067
5 0.08856774451607657
2 0.32875652804996164
5 0.3424941193174105
5 0.3424941193174105
5 0.21317344292808058
5 0.10183831843709842
5 0.13492841790329171
5 0.13492841790329171
5 0.13492841790329171
5 0.13492841790329171
5 0.11310262873191686
5 0.10038692536662064
5 0.04858855600426604
5 0.10038692536662064
5 0.07362415853372944
5 0.0241971343836794
6 0.28795557714364267
5 0.10067690429426852
6 0.06775153179113252
5 0.08201385341301284
5 0.10067690429426852
5 0.07932115253631095
5 0.07680204991522721
5 0.07680204991522721
6 0.27881060602378693
5 0.0361309673104965
5 0.033438266433794606
5 0.06389365701825454
5 0.033438266433794606
5 0.0361309673104965
5 0.10067690429426852
6 0.3654822850414378
5 0.10067690429426852
5 0.07932115253631095
5 0.1046236060788865
5 0.0929023001337033
5 0.04972932287171348
5 0.03208024629435495
5 0.07045012439643704
6 0.17699107271170392
5 0.07045012439643704
5 0.0929023001337033
5 0.0401012523146248
5 0.03171510845007158
5 0.03208024629435495
5 0.0929023001337033
6 0.23339742688772896
5 0.0929023001337033
5 0.07488808571206142
5 0.12227268265624504
6 0.1633833827487551
6 0.11904380176775013
6 0.3071843158840618
6 0.28795557714364267
5 0.10067690429426852
6 0.06775153179113252
5 0.08201385341301284
5 0.10067690429426852
5 0.07932115253631095
5 0.07680204991522721
5 0.07680204991522721
6 0.27881060602378693
5 0.0361309673104965
5 0.033438266433794606
5 0.06389365701825454
5 0.033438266433794606
5 0.0361309673104965
5 0.10067690429426852
6 0.3654822850414378
5 0.10067690429426852
5 0.07932115253631095
5 0.24204252784461688
5 0.24204252784461688
3 1.0
5 0.24204252784461688
5 0.16957442830894856
5 0.10429798815720086
3 1.0
5 0.04532416587381503
5 0.06393232775230864
5 0.06393232775230864
5 0.06393232775230864
5 0.06393232775230864
5 0.027987623955273263
5 0.08514239762626508
5 0.08514239762626508
5 0.08514239762626508
5 0.05423282776230656
5 0.06780585570772331
5 0.06393232775230864
5 0.06393232775230864
5 0.06393232775230864
5 0.05084801977796308
5 0.05084801977796308
7 0.556695722343036
5 0.20151775773791364
3 1.0
5 0.10993466590112118
5 0.14591880762444126
5 0.14591880762444126
5 0.14591880762444126
5 0.14591880762444126
5 0.1048723458632002
7 0.44330427765696406
5 0.05991137259383697
5 0.05991137259383697
5 0.05991137259383697
5 0.07735212907943491
5 0.06049785415013499
5 0.01744075648559796
3 0.19348071239330547
5 0.04833196563813352
5 0.028698230138261914
5 0.0258808894321976
5 0.04305709766453703
3 0.19229920177849663
5 0.048067417384874994
5 0.04305709766453703
5 0.04305709766453703
5 0.06550817387047295
5 0.05991137259383697
5 0.07735212907943491
3 0.268754332568804
2 0.08481323134333087
2 0.1621375069509283
3 0.3454657532593938
2 0.08481323134333087
2 0.2084169413568904
5 0.07735212907943491
5 0.10470154229306246
7 1.0
2 0.07369003436267943
2 0.15101430997027687
2 0.23511474467256338
4 1.0
2 0.5196907828397112
3 0.5747181955528845
2 0.20096498313934935
5 0.20245302543083965
5 0.15220642575962195
5 0.19641212226437668
5 0.18364649217084686
3 0.42528180444711555
5 0.18364649217084686
2 0.2793442340209396
5 0.08163544220346795
5 0.3702884051557492
2 0.6988570977452333
4 1.0
5 0.3702884051557492
5 0.2594231896885016
2 0.3011429022547667
5 0.307786885978271
5 0.307786885978271
5 0.16430352754710387
5 0.22012270049635416
2 1.0
2 0.5643669550921289
5 0.202904153467566
3 0.3005785529878589
5 0.07023705987287626
5 0.202904153467566
2 0.43563304490787114
3 0.3005785529878589
5 0.1605252398622129
5 0.1605252398622129
5 0.04628308732966562
3 0.16682727175822035
5 0.15662106613790036
3 0.23201562226606187
2 0.4725717108809271
3 0.27489824010878294
2 0.17811007578502897
5 0.18011187235549833
5 0.17825644457018155
5 0.16881219139290785
5 0.08321542788377631
5 0.16881219139290785
3 0.2219392515072596
3 0.22826426827517457
5 0.22079187240472814
3 0.27489824010878294
2 0.17811007578502897
2 0.17120813754901498
5 0.13947077271570688
2 0.593032230085543
3 0.7418327819375863
5 0.05671552615044916
3 0.2581672180624137
5 0.10532687270642604
2 0.406967769914457
5 0.12416613470588617
5 0.10532687270642604
5 0.0531770591121468
5 0.06391598456579757
5 0.07468092955625358
5 0.07468092955625358
5 0.07468092955625358
5 0.07468092955625358
5 0.0531770591121468
2 0.1719288981250041
5 0.025248895508911403
5 0.06964989513369887
2 0.2873501161444345
3 0.41223537328397364
5 0.09930672442771767
5 0.08396114815649808
2 0.15627870858281973
3 0.5877646267160264
5 0.09930672442771767
7 1.0
5 0.07877230703779152
5 0.07877230703779152
5 0.037735194534491735
5 0.06442626504709796
5 0.05322548323096522
2 0.1648533063545666
2 0.21958897079317505
11 1.0
5 0.06964989513369887
5 0.06964989513369887
5 0.05430431886247929
5 0.05430431886247929
5 0.023170525596871314
5 0.0385161018680909
5 0.30817895872938433
5 0.30817895872938433
5 0.30817895872938433
2 1.0
5 0.07546312381184703
2 0.4702155449101482
3 0.6503980074384446
2 0.18183285556533274
5 0.20245302543083965
5 0.15220642575962195
5 0.19641212226437668
5 0.18364649217084686
2 0.3479515995245191
5 0.18364649217084686
3 0.34960199256155555
5 0.08163544220346795
3 1.0
5 0.34144909420153674
5 0.34144909420153674
2 0.7012445415337433
5 0.17163218632475666
5 0.1454696252721699
2 0.2987554584662568
5 0.36829985063221543
5 0.36829985063221543
2 1.0
5 0.26340029873556914
6 1.0
5 0.106597900197347
5 0.106597900197347
5 0.10826675459747644
5 0.13622022628512484
5 0.13622022628512484
5 0.13622022628512484
5 0.13622022628512484
2 0.6336782839090014
2 0.3663217160909986
5 0.10570306817968174
5 0.027953471687648414
2 0.7283958281192142
5 0.13251594555294857
5 0.13251594555294857
5 0.13251594555294857
5 0.08223291295027127
5 0.13251594555294857
5 0.1036991489725107
5 0.1036991489725107
5 0.1036991489725107
5 0.07660585792040253
2 0.27160417188078584
5 0.6820456030311974
3 1.0
2 0.4273993696614528
2 0.5726006303385471
5 0.3179543969688027
3 0.13307840780906982
5 0.11287236791202254
3 0.14461679268958325
5 0.11287236791202254
3 0.13593062344551723
3 0.13593062344551723
5 0.09070919527970239
3 0.14461679268958325
5 0.11287236791202254
3 0.17144698276650744
5 0.08846911973682153
3 0.13437977715422178
5 0.025260006556977087
5 0.08761236135504546
5 0.06544918872272529
5 0.08761236135504546
5 0.08761236135504546
5 0.08761236135504546
5 0.04104594054752428
2 0.7040223837074671
3 1.0
2 0.29597761629253283
5 0.16379511048833806
5 0.19391485473219688
6 0.18527072091422525
5 0.19391485473219688
6 0.328176338633626
5 0.19391485473219688
6 0.11741869099534506
5 0.14873523836640865
6 0.2517155584614588
5 0.10572508694866276
6 0.11741869099534506
5 0.5
5 0.5
2 1.0
5 0.2536133507118319
5 0.20283034837559058
5 0.27943842991724427
5 0.26411787099533346
2 1.0
2 0.1566797146619399
5 0.0425971187835959
5 0.04684586348665381
5 0.032328190059238565
5 0.0425971187835959
5 0.022046449923560966
2 0.1172544697004458
5 0.04525731067899944
5 0.05552623940335678
5 0.05552623940335678
5 0.05552623940335678
2 0.16091550040919675
5 0.022139221667689307
5 0.0425971187835959
2 0.20423530028323883
5 0.05552623940335678
5 0.05552623940335678
5 0.04684586348665381
2 0.1566797146619399
5 0.0425971187835959
5 0.05552623940335678
2 0.20423530028323883
5 0.0425971187835959
5 0.05552623940335678
5 0.05552623940335678
5 0.018949304641060292
5 0.05552623940335678
5 0.0425971187835959
5 0.010268928724357333
2 0.5208989446023666
12 1.0
2 0.32421526436657055
2 0.15488579103106273
5 0.0940373920207353
5 0.0940373920207353
5 0.0940373920207353
2 1.0
5 0.0940373920207353
5 0.0940373920207353
5 0.0940373920207353
6 1.0
5 0.0940373920207353
5 0.0940373920207353
5 0.0940373920207353
5 0.052269125798060444
5 0.03199301856176466
5 0.03199301856176466
5 0.03740830889179242
5 1.0
8 1.0
6 0.6767158216704111
6 0.3232841783295889
5 0.06334492556596223
5 0.08159939347613958
5 0.06334492556596223
3 0.40342235920853553
5 0.045138329470529134
5 0.03310367392118361
3 0.5965776407914645
5 0.035918474355516226
5 0.044547868005690654
5 0.044547868005690654
5 0.06334492556596223
5 0.08159939347613958
5 0.08159939347613958
7 1.0
5 0.08159939347613958
5 0.06334492556596223
5 0.06334492556596223
5 0.06334492556596223
5 0.045138329470529134
5 0.045138329470529134
5 0.15778759015886762
2 0.5
5 0.15778759015886762
5 0.12361697885963695
5 0.08844571895321557
5 0.09020655633824323
5 0.034170611299230665
5 0.15778759015886762
2 0.5
5 0.13296182149914168
3 1.0
5 0.05723554257392894
5 0.26546119958044484
5 0.26546119958044484
5 0.1075068293999617
5 0.26546119958044484
2 0.5101335929566486
2 0.48986640704335144
5 0.09610957185870389
5 0.07962047452655728
5 0.1288883145642988
5 0.09332790017645173
5 0.09332790017645173
5 0.09332790017645173
5 0.10263549528613475
5 0.09332790017645173
5 0.09332790017645173
5 0.09332790017645173
5 0.1288883145642988
2 0.17252460527726363
5 0.06230096017622448
5 0.05164743587286091
2 0.09117542408390683
5 0.041300292556932135
5 0.048699103679260995
3 0.1564409804714304
2 0.09117542408390683
5 0.048699103679260995
2 0.1269058661675235
5 0.048699103679260995
3 0.8435590195285696
5 0.01989178835567191
5 0.048699103679260995
5 0.04251456060134884
5 0.03804557937589743
2 0.12759959349780173
5 0.06230096017622448
5 0.039667684002281996
5 0.06230096017622448
2 0.09696919724079696
5 0.037838735000568086
2 0.09083515609921951
5 0.037944123781364344
5 0.037838735000568086
2 0.1269058661675235
5 0.03043992387823922
5 0.037838735000568086
5 0.03804557937589743
5 0.05154598027832783
5 0.06230096017622448
5 0.05144059149753157
2 0.07590886738205757
5 0.04377131115877043
5 0.035390530845022805
5 0.04377131115877043
5 0.04377131115877043
5 0.031078832396048837
5 0.018871428764641023
5 0.02128191965876304
5 0.05667245050378584
3 0.1933124413402244
3 0.1300929088389172
5 0.04397997174106425
5 0.031078832396048837
5 0.05667245050378584
5 0.04377131115877043
5 0.05667245050378584
5 0.05667245050378584
2 0.18621209686111476
5 0.04377131115877043
3 0.23722525489742574
2 0.07685981135605625
2 0.18621209686111476
5 0.05667245050378584
2 0.14382204335227158
5 0.008380780313747624
5 0.04377131115877043
2 0.14382204335227158
3 0.20214414002600695
5 0.05667245050378584
5 0.04397997174106425
5 0.031078832396048837
5 0.04377131115877043
5 0.05667245050378584
5 0.03177256810965644
3 0.23722525489742574
2 0.18621209686111476
2 0.07685981135605625
5 0.33736139816110483
6 1.0
5 0.33736139816110483
5 0.24127376892753907
5 0.08400343475025122
5 0.06601322977204076
5 0.04717477586756458
5 0.07320818866187302
5 0.02988211526722911
5 0.02988211526722911
5 0.06732288288556564
3 0.43863064898693915
5 0.08616133679004181
5 0.0912509098332079
7 0.4488468420297001
2 0.14316228516588897
2 0.06130932045080227
2 0.19053026849943563
4 0.4120152008459726
5 0.07320818866187302
5 0.08616133679004181
5 0.08616133679004181
5 0.08616133679004181
3 0.5613693510130607
5 0.08616133679004181
5 0.0912509098332079
7 0.5511531579703
2 0.11291153431485645
2 0.19476449902994314
2 0.2973220925390735
4 0.5879847991540273
5 0.05308094607888679
5 0.026782049574420024
5 0.03729149667569411
5 0.024605726206093276
5 0.057311638644397436
5 0.04039517560928595
5 0.06782108574567153
3 0.33655234860308214
5 0.03793535723765965
2 0.1360632003014655
3 0.18505366953565594
5 0.09640461401828036
5 0.09640461401828036
2 0.30521769998696613
3 0.4783939818612619
5 0.08166447435149563
7 1.0
5 0.09139067054326255
5 0.0509954949339766
5 0.09139067054326255
5 0.07870490007366171
5 0.06782108574567153
2 0.1608804527456848
2 0.39783864696588356
5 0.19611536715216976
5 0.19611536715216976
5 0.19611536715216976
6 0.5692217048364953
5 0.10776926569566041
5 0.10776926569566041
5 0.19611536715216976
6 0.43077829516350474
5 0.2023329293903046
5 0.2023329293903046
5 0.2023329293903046
2 0.5797146532535726
5 0.07286133658095892
5 0.15053597305552274
5 0.16960390219260463
3 1.0
2 0.316323308304542
2 0.10396203844188548
5 0.15241091550650365
5 0.04971718524742175
5 0.08154815862845649
5 0.06811274983892786
5 0.15241091550650365
5 0.15241091550650365
2 0.23603674184903708
3 0.36944026433723887
5 0.06141369642104004
5 0.04971718524742175
2 0.09959338780172111
5 0.11612913904861054
5 0.11612913904861054
2 0.2326297098838282
3 0.6305597356627612
2 0.12643085267346188
2 0.30530930779195176
2 0.6147503163047777
5 0.5
5 0.5
2 0.3852496836952222
5 0.16666666666666666
6 0.28866573511234006
5 0.16666666666666666
6 0.09992418673467032
5 0.16666666666666666
6 0.22282015630597918
5 0.16666666666666666
6 0.22837450873728662
5 0.16666666666666666
6 0.16021541310972373
5 0.14175524559672856
2 1.0
5 0.02491142106993809
5 0.5
6 0.41010869932593613
6 0.20096441226213846
5 0.5
6 0.2990355877378616
6 0.08989130067406395
6 1.0
5 0.33801150606317387
5 0.26674014529149814
5 0.24120883187416198
5 0.15403951677116604
2 0.5253782423286896
5 0.14119790009483577
5 0.19582132610097228
5 0.19582132610097228
5 0.10077535299612751
5 0.10077535299612751
5 0.10549265785241407
5 0.16011608385855056
3 1.0
2 0.3788264845784762
2 0.0957952730928343
5 0.15711306939073846
5 0.11479937785024968
5 0.07582328693069762
5 0.048025953881651075
5 0.09033964542213985
5 0.15711306939073846
5 0.15711306939073846
2 1.0
5 0.07582328693069762
5 0.07582328693069762
3 1.0
5 0.048025953881651075
5 0.09058877797943889
6 0.2530202911932969
5 0.07273730572419418
5 0.09058877797943889
6 0.18366748086664653
5 0.04923367891533265
5 0.06708515117057735
6 0.1873731477841375
5 0.09191551677999574
5 0.07098413838260562
5 0.11889107849738142
6 0.25672595811078786
5 0.07620924063271835
5 0.09058877797943889
6 0.11921312204513117
5 0.09058877797943889
5 0.09058877797943889
5 0.04578532981970203
5 0.058379838907617713
6 0.03624664253365498
5 0.058379838907617713
6 0.14774734856216146
5 0.045378552328716834
5 0.021506178246922462
5 0.012594509087915689
5 0.058379838907617713
6 0.1876306511210526
5 0.04928304454643177
5 0.03450746482582335
5 0.045378552328716834
5 0.058379838907617713
6 0.1876306511210526
5 0.058379838907617713
5 0.04578532981970203
5 0.03628175796753089
5 0.058379838907617713
6 0.1876306511210526
5 0.04928304454643177
5 0.03450746482582335
5 0.03410068733483815
5 0.058379838907617713
6 0.1876306511210526
5 0.04928304454643177
5 0.03450746482582335
5 0.03278404324080114
5 0.02037465935506462
6 0.06548340441997325
5 0.052089260273272285
3 1.0
5 0.07124492966929993
5 0.07124492966929993
5 0.052089260273272285
2 0.12274847513084342
5 0.052089260273272285
2 0.23975292377548002
5 0.060202814458675806
5 0.052089260273272285
2 0.23975292377548002
5 0.0568663948098184
5 0.057159586905620355
5 0.052089260273272285
5 0.052089260273272285
5 0.052089260273272285
5 0.07124492966929993
5 0.052089260273272285
5 0.041047145062648144
5 0.08641512179346113
2 0.3977456773181965
5 0.06786006577569806
5 1.0
6 0.6783988184545838
6 0.3216011815454161
5 0.16131694690358028
5 0.16131694690358028
5 0.13252153993577992
5 0.12550303970884968
5 0.12550303970884968
5 0.13252153993577992
5 0.16131694690358028
2 0.4069992971860256
2 0.09300070281397439
3 1.0
2 0.4069992971860256
2 0.09300070281397439
6 1.0
5 0.06833463774829088
5 0.06833463774829088
5 0.06833463774829088
5 0.09215769674515004
3 0.3453711158336374
5 0.09215769674515004
2 0.4854052264650424
5 0.09215769674515004
2 0.5145947735349575
3 0.6546288841663627
5 0.07558533884628228
5 0.02970288733189894
5 0.04941668458968413
5 0.06833463774829088
5 0.06833463774829088
5 0.06833463774829088
5 0.06833463774829088
5 0.0535259463287581
5 0.03695358842989034
6 0.2739999191595195
5 0.1474540097759455
5 0.12125471893929377
6 0.15548214046229494
5 0.11318191059517033
6 0.195725399251802
5 0.11318191059517033
6 0.13588847763971906
5 0.11318191059517033
5 0.08900294852630904
2 0.17432616004702214
2 0.3256738399529779
5 0.1474540097759455
5 0.03531911455535349
2 0.17432616004702214
2 0.3256738399529779
5 0.11996946664164165
6 0.195725399251802
6 0.043178664234862524
5 0.3098737320498575
5 0.3098737320498575
5 0.12549307582300068
5 0.25475946007728434
2 0.7012445415337433
3 1.0
2 0.2987554584662568
5 0.5
5 0.5
3 1.0
5 0.307786885978271
5 0.307786885978271
5 0.16430352754710387
5 0.22012270049635416
6 1.0
5 0.024630105316269867
5 0.037535373561554376
3 0.17951105481380142
5 0.037535373561554376
5 0.031146476305067273
5 0.02084704822360646
5 0.02936275074371258
5 0.037535373561554376
5 0.03931909912290906
5 0.029019671041448248
5 0.021935952089761488
2 0.06036407294565224
13 0.5
2 0.06036407294565224
5 0.037535373561554376
5 0.021420970765390623
5 0.02959359358323241
5 0.02936275074371258
5 0.037535373561554376
5 0.03205690397022096
3 0.17951105481380142
3 0.14042589318032894
5 0.029019671041448248
5 0.037535373561554376
5 0.03010857490760328
5 0.024115123991899003
3 0.14152988756446536
3 0.17951105481380142
5 0.029019671041448248
5 0.02159287238749716
2 0.06036407294565224
13 0.5
2 0.06036407294565224
5 0.03010857490760328
5 0.037535373561554376
5 0.02354120145011484
5 0.037535373561554376
3 0.17951105481380142
5 0.037535373561554376
5 0.031146476305067273
5 0.02936275074371258
5 0.02936275074371258
5 0.02936275074371258
5 0.04674589777686016
7 0.2619289001897096
2 0.09610042355846424
2 0.05100439615843486
2 0.0633257590794217
4 0.19275459686964988
7 0.2142132994308711
2 0.07859380462504459
2 0.05100439615843486
2 0.0633257590794217
4 0.19275459686964988
7 0.2619289001897096
2 0.034203081995485024
2 0.0792991093955144
2 0.046524444916471876
4 0.19275459686964988
7 0.2619289001897096
2 0.0633257590794217
2 0.03573635061281198
2 0.09610042355846424
4 0.4217362093910504
5 0.13326583976691864
5 0.13326583976691864
2 0.2934575574209948
2 0.7065424425790052
5 0.13326583976691864
5 0.10341054725177322
5 0.13326583976691864
5 0.10428597187509517
5 0.10428597187509517
5 0.07791478727684183
5 0.07703936265351988
2 0.25504408056281
1 1.0
2 0.2168405032025127
5 0.036343866268941274
5 0.04823893760741202
5 0.046587176840789175
5 0.046587176840789175
5 0.046587176840789175
5 0.06166403404881966
5 0.046587176840789175
2 0.2168405032025127
5 0.04823893760741202
5 0.04823893760741202
5 0.046587176840789175
5 0.03469210550231844
5 0.046587176840789175
5 0.06166403404881966
5 0.046587176840789175
2 0.3112749130321646
5 0.04976896271034892
5 0.04934561967491746
5 0.03426876246688698
5 0.046587176840789175
5 0.046587176840789175
5 0.06166403404881966
5 0.046587176840789175
5 0.27573453324623337
5 0.27573453324623337
5 0.27573453324623337
5 0.1727964002613
5 0.06489195991219128
5 0.06489195991219128
5 0.03368020097317627
5 0.02391608376393212
5 0.06489195991219128
5 0.05144868080592076
5 0.039802275050071514
7 1.0
5 0.03127899894949457
5 0.041684563596676605
5 0.05512784270294712
5 0.05144868080592076
2 0.5072643473561691
5 0.042925404705343805
5 0.05144868080592076
5 0.039802275050071514
5 0.06489195991219128
5 0.013443279106270519
5 0.02320739631551467
5 0.05441915525452968
5 0.05144868080592076
5 0.040975876148259156
5 0.042925404705343805
5 0.05144868080592076
2 0.49273565264383096
6 0.2916968141826938
5 0.27398057628275413
6 0.12154196992563276
5 0.27398057628275413
6 0.22732907468964397
5 0.2218157330819156
6 0.170154844257061
5 0.11046070294962324
6 0.14913061533966251
5 0.1197624114029529
6 0.0401466816053061
5 0.048611746537570076
5 0.038442444054632305
5 0.008699818758450141
5 0.034937136465724564
5 0.061447721613874816
5 0.05094997096990091
5 0.03170509631769265
5 0.023005277559242508
5 0.029366871885361818
5 0.03700833579212416
5 0.03700833579212416
5 0.048611746537570076
2 0.8482013409769098
5 0.038442444054632305
5 0.038442444054632305
2 0.15179865902309017
5 0.016341282665212484
5 0.03934656022445499
3 1.0
5 0.03170509631769265
5 0.061447721613874816
5 0.04510643894866234
5 0.048611746537570076
5 0.02651058514815025
5 0.026839033309186393
5 0.026839033309186393
5 0.026839033309186393
5 0.048611746537570076
5 0.03811399589359616
5 0.03700833579212416
5 0.08126861545790275
5 0.08303198906002938
2 0.5891291141854447
2 0.4108708858145554
5 0.03841374467671623
5 0.08303198906002938
5 0.05990616807806393
5 0.034782413519750206
5 0.08303198906002938
5 0.08303198906002938
5 0.08303198906002938
5 0.11968236013461897
5 0.11968236013461897
5 0.057908234501715644
5 0.057908234501715644
5 0.015287923694750793
3 1.0
5 0.4434778879657882
6 0.2853621531247363
5 0.5565221120342118
6 0.3566195491080022
6 0.17900914888363081
6 0.17900914888363081
3 0.6565344363514005
5 0.27870003809616295
5 0.10348197714645127
5 0.27870003809616295
7 0.21776870073856183
7 0.2390213393211382
14 1.0
7 0.24035295280535704
5 0.20505610401835742
7 0.30285700713494285
3 0.3434655636485995
5 0.08819080463967771
5 0.045871038003187564
5 0.06491047668796406
5 0.059077350197498935
2 0.13162576404291
5 0.059077350197498935
5 0.059077350197498935
5 0.046825967231684786
5 0.059077350197498935
5 0.04218569413133763
5 0.026256896061114917
5 0.04434140551739418
5 0.0771618596537782
2 0.24075670534849872
5 0.06491047668796406
5 0.04507183710219817
5 0.0602702035876169
5 0.0771618596537782
5 0.0602702035876169
2 0.2025305323137006
5 0.059077350197498935
2 0.18433029294639203
5 0.01808450945627927
5 0.0771618596537782
2 0.24075670534849872
5 0.22941441120582182
2 0.33116881458193154
5 0.22941441120582182
2 0.10939895531005805
5 0.07218034214977574
2 0.10419519079127865
5 0.22941441120582182
2 0.24164289321539523
5 0.16739608208298296
2 0.10939895531005805
5 0.07218034214977574
2 0.10419519079127865
5 0.27022662073365616
5 0.27022662073365616
5 0.27022662073365616
3 1.0
5 0.18932013779903156
7 1.0
5 0.5
6 0.3077174238256762
6 0.14499999400034205
6 0.077591342414546
5 0.5
6 0.316204334792385
6 0.15348690496705086
5 0.12118723931090349
5 0.12118723931090349
5 0.17988325408840106
5 0.24341443010577538
5 0.1965119259807571
5 0.13781591120325948
3 0.667617431634942
2 0.691984973957668
3 0.33238256836505786
2 0.3080150260423321
5 0.0780240979462706
5 0.10169005835852497
5 0.10169005835852497
5 0.10169005835852497
5 0.10169005835852497
3 0.5
5 0.05790978611327495
5 0.05790978611327495
5 0.043780272245250024
5 0.08068242073107965
5 0.10169005835852497
5 0.10169005835852497
3 0.5
5 0.03622330624707485
5 0.035329980452625184
5 0.16107680895887302
5 0.16107680895887302
5 0.13478944699872042
5 0.1242772861214887
5 0.1242772861214887
5 0.13478944699872042
3 0.3437437793306519
5 0.1283043460117928
5 0.0314085698300428
3 0.2767167469072183
3 0.37953947376212976
7 1.0
2 0.5283092558720982
2 0.28367980011569555
2 0.18801094401220622
4 1.0
2 0.6639678472204859
7 1.0
2 0.33603215277951415
5 0.41923165669247114
5 0.26895317472710334
5 0.18788185513473843
5 0.12393331344568699
3 0.41317906017342204
5 0.15134779568514267
3 0.346853319128425
5 0.11565753549051588
6 0.3643841250189715
3 0.07126665494617028
5 0.05040019653358022
6 0.15878802394314198
3 0.16870096575198273
5 0.06693693680024536
5 0.0816468731391988
5 0.11565753549051588
5 0.11565753549051588
5 0.15134779568514267
5 0.15134779568514267
6 0.47682785103788655
3 0.30953638043582865
5 0.4799699576108247
3 0.2601590009883563
5 0.36856404385549063
3 0.16416801008100163
3 0.04830422791519209
5 0.1514659985336847
3 0.09768160736266447
3 0.12015077321695682
9 1.0
5 1.0
6 0.5163808755618734
6 0.32532409093228637
6 0.1582950335058402
5 0.10175545509269691
5 0.10175545509269691
5 0.1413458066964007
5 0.1712658254739349
5 0.1712658254739349
5 0.1712658254739349
3 0.5020461254458416
5 0.1413458066964007
3 0.49795387455415835
2 0.6580621516602501
2 0.34193784833974994
5 0.20212729523940978
2 0.26386104836786545
5 0.20212729523940978
2 0.08620369370571038
5 0.14394639024571726
2 0.18791052140690456
2 0.18791052140690456
5 0.16390623878402863
5 0.14394639024571726
2 0.13609823176945385
5 0.14394639024571726
2 0.13801598334316112
5 0.09820655114202823
5 0.09522331978672254
5 0.17306200652754097
5 0.17306200652754097
5 0.17306200652754097
2 0.36624160160644825
2 0.08307702170744859
5 0.17306200652754097
3 0.5020400079746533
5 0.11432210296108555
3 0.49795999202534674
2 0.3632652022117424
2 0.18741617447436068
5 0.5
6 0.4378544164289283
5 0.5
6 0.4169704550476746
6 0.1451751285233971
2 0.5
3 1.0
2 0.20994408989240523
5 0.16351381683373292
5 0.193859294899384
6 0.2287842394095612
5 0.193859294899384
6 0.4046211770417808
5 0.16351381683373292
2 0.2900559101075948
5 0.07319478524499658
5 0.10602949564438478
6 0.2213037004547243
5 0.10602949564438478
6 0.1452908830939338
5 0.04550406271439565
5 0.03138715616609911
5 0.03138715616609911
5 0.0458892674838704
5 0.04550406271439565
2 0.2918719966081272
2 0.2918719966081272
5 0.04903093387298874
5 0.05158942775388448
5 0.0458892674838704
5 0.03138715616609911
5 0.034914027324692204
5 0.019391986437460654
5 0.019391986437460654
5 0.019391986437460654
5 0.060006174032166945
5 0.060006174032166945
5 0.060006174032166945
2 0.2918719966081272
2 0.12438401017561837
5 0.034914027324692204
5 0.05158942775388448
5 0.0458892674838704
5 0.03138715616609911
5 0.04903093387298874
5 0.04550406271439565
5 0.04550406271439565
5 0.04550406271439565
3 1.0
5 0.16395126996570622
5 0.12844584705904596
5 0.13152192588303305
5 0.059471342979025316
5 0.16395126996570622
7 0.5
7 0.5
5 0.13152192588303305
5 0.1274061099683587
5 0.09373030829609155
6 1.0
5 0.1361579284364019
3 0.8165461774977202
5 0.1361579284364019
5 0.08095909599716831
5 0.07412368756494404
5 0.07412368756494404
5 0.1361579284364019
2 0.6566512800981663
5 0.10556726115510226
5 0.10556726115510226
3 0.18345382250227982
5 0.07559261062676667
5 0.07559261062676667
2 0.3433487199018336
5 0.05966016435021213
5 0.02780612235523066
5 0.030065518964361736
5 0.08221595114563712
2 0.5666499750789429
5 0.08221595114563712
5 0.06494939392331579
5 0.10752829897180362
5 0.09026174174948229
5 0.040319508439356756
5 0.09472933722976322
5 0.08221595114563712
5 0.06441333548840739
5 0.06287529523478175
2 0.433350024921057
5 0.047868134621591486
5 0.06287529523478175
5 0.1950642548758426
5 0.1950642548758426
5 0.1950642548758426
3 0.5733897987920291
5 0.07461238836475058
5 0.14513059213187904
6 1.0
5 0.1950642548758426
3 0.42661020120797105
5 1.0
15 0.5208989446023666
15 0.32421526436657055
15 0.15488579103106273
2 0.4269801091735336
5 0.06584149769565026
5 0.06584149769565026
5 0.06584149769565026
5 0.048147697879295195
5 0.048147697879295195
5 0.04906177531230751
5 0.08836123044335754
5 0.08836123044335754
2 0.5730198908264665
5 0.07158150806001479
5 0.04906177531230751
5 0.06584149769565026
5 0.08836123044335754
5 0.06584149769565026
5 0.06985418287422795
3 1.0
5 0.06985418287422795
3 0.5733940508440437
5 0.20161598925415972
5 0.20161598925415972
6 0.51783186202214
5 0.127759951180371
5 0.20161598925415972
3 0.42660594915595634
5 0.11738951243234609
5 0.1500025686248038
6 0.48216813797785996
5 0.5
8 0.6147503163047777
5 0.5
8 0.3852496836952222
2 0.7073124338375988
3 1.0
2 0.2926875661624012
5 0.09632213533347463
5 0.08759355762173339
5 0.11442070792895974
5 0.08886463347945388
5 0.11442070792895974
5 0.08759355762173339
5 0.046076485022278825
5 0.08759355762173339
5 0.08759355762173339
5 0.062037483172227535
5 0.062037483172227535
5 0.06544613347548442
5 0.05511173201849759
5 0.0237806293814744
5 0.03898659835279678
5 0.07237558886704659
5 0.07237558886704659
2 0.25932549195024857
2 0.22202352414925422
5 0.04174177173551089
5 0.03898659835279678
5 0.0237806293814744
5 0.0237806293814744
5 0.07237558886704659
5 0.05511173201849759
5 0.07237558886704659
2 0.25932549195024857
2 0.25932549195024857
5 0.07237558886704659
5 0.07237558886704659
5 0.07237558886704659
5 0.05511173201849759
5 0.05511173201849759
5 0.02561663806981009
5 0.0562504552013458
2 1.0
5 0.22904864430269495
5 0.22904864430269495
5 0.1727059243062099
5 0.1727059243062099
5 0.12049302097580962
5 0.07599784180638068
3 1.0
5 0.1581793165414197
5 0.15507407371935006
5 0.1666432786384913
2 1.0
5 0.159408098325944
5 0.10630772259765801
5 0.10630772259765801
5 0.14807978757947896
3 1.0
5 0.05798084012156671
5 0.05798084012156671
5 0.05798084012156671
5 0.07517686592562195
5 0.07517686592562195
5 0.05827316632943786
3 0.5865423889892137
3 0.4134576110107863
5 0.05827316632943786
5 0.07517686592562195
2 0.17977645227036165
5 0.07517686592562195
5 0.05798084012156671
5 0.03124882039229301
5 0.025412768260205377
5 0.04830100189164302
5 0.07517686592562195
5 0.09550652075698442
5 0.07517686592562195
7 0.5
2 0.04861592960099348
2 0.11254234645514727
2 0.18727014999670852
4 0.5
7 0.5
2 0.08973816147564008
2 0.15366457832979386
2 0.22839238187135513
4 0.5
2 0.7123983154605669
3 0.3917659328363353
2 0.2876016845394331
5 0.18131526949621987
5 0.1413354006479563
5 0.18131526949621987
5 0.11434925985926606
3 0.3917659328363353
5 0.1413354006479563
3 0.21646813432732942
5 0.14016463435032253
5 0.10018476550205901
2 0.24805591435767776
5 0.03675504835374133
5 0.05479054624574968
5 0.06398813913935905
5 0.04993072400839335
5 0.05178973781877574
5 0.03643068367922708
5 0.02139599421419267
5 0.02139599421419267
5 0.048953449674324634
2 0.24805591435767776
5 0.023255008024575065
5 0.03643068367922708
5 0.04993072400839335
5 0.06398813913935905
5 0.06398813913935905
2 0.3242393839015799
2 0.17964878738306456
5 0.03675504835374133
5 0.05479054624574968
5 0.048953449674324634
5 0.034896034543358934
5 0.05178973781877574
5 0.04993072400839335
5 0.04993072400839335
5 0.04993072400839335
3 0.4361985905324533
3 0.5638014094675468
5 0.08198277684274205
5 0.08198277684274205
5 0.06342795726692693
5 0.045502472333526285
5 0.029222442140630044
5 0.04777726171644516
5 0.052760334702112
5 0.08198277684274205
2 1.0
5 0.08198277684274205
5 0.06570274664984581
5 0.06570274664984581
5 0.0640572919093414
5 0.06342795726692693
5 0.06342795726692693
5 0.04625245257534474
5 0.06480727215115986
3 0.4294535884449294
3 0.14109282311014115
5 0.03905955029123992
5 0.029477753048861872
5 0.029477753048861872
5 0.06471488208994466
5 0.04568811328269286
5 0.0875640721473536
5 0.0713537119135226
3 0.4294535884449294
2 0.11130421852553606
2 0.444347890737232
5 0.05879574310153753
5 0.0875640721473536
2 0.444347890737232
5 0.06471488208994466
5 0.06471488208994466
5 0.06471488208994466
5 0.04568811328269286
5 0.04568811328269286
5 0.06471488208994466
5 0.04850452185611368
5 0.0875640721473536
5 0.07181678941401859
5 0.07181678941401859
5 0.05471310605421843
7 1.0
2 0.36207708465937377
5 0.07181678941401859
5 0.04160438149274664
5 0.038762703437937335
5 0.038762703437937335
5 0.05471310605421843
5 0.05471310605421843
5 0.05471310605421843
5 0.05471310605421843
5 0.07181678941401859
5 0.055866386797737484
5 0.055866386797737484
5 0.07181678941401859
2 0.36207708465937377
5 0.05471310605421843
2 0.27584583068125257
5 0.040887427320250004
5 0.040887427320250004
5 0.11064516509729304
5 0.11064516509729304
2 0.1075836298226514
5 0.11159943019555604
7 0.18362991742327323
1 0.5
7 0.28874810894998654
2 0.13034487698816194
5 0.047360622429777025
5 0.047360622429777025
2 0.2171800002436376
5 0.08474301593202793
5 0.05369779799917832
5 0.11793660576495733
2 0.19736661571374953
7 0.28874810894998654
1 0.5
7 0.2388738646767538
2 0.13034487698816194
5 0.047360622429777025
5 0.047360622429777025
2 0.2171800002436376
5 0.11064516509729304
5 0.11064516509729304
5 0.5
5 0.5
6 0.6767158216704111
6 0.3232841783295889
5 0.17624221960197622
5 0.17624221960197622
5 0.17624221960197622
3 0.5733897987920291
5 0.06741292987573824
5 0.13112672901425135
5 0.09649146270210544
5 0.17624221960197622
3 0.42661020120797105
5 0.15302551902352057
5 0.16801412912098132
5 0.23892841063518708
5 0.2823248269921598
2 0.7505418155484076
5 0.0638705853258762
5 0.09383652890227503
2 0.24945818445159246
5 0.04121667326603082
2 0.20776969811838758
5 0.051197345599621455
5 0.012661313260898978
2 0.14924750855426455
5 0.03677666351029321
5 0.03677666351029321
2 0.20776969811838758
5 0.051197345599621455
5 0.051197345599621455
5 0.051197345599621455
5 0.051197345599621455
5 0.07017989678387421
5 0.056045218868070595
5 0.056045218868070595
2 0.2274433970905727
5 0.051197345599621455
2 0.20776969811838758
5 0.07017989678387421
5 0.07017989678387421
5 0.07017989678387421
5 0.07017989678387421
5 0.051197345599621455
5 0.051197345599621455
5 0.2692796628207791
5 0.2692796628207791
5 0.2692796628207791
5 0.1921610115376628
2 1.0
5 0.06429055115449488
5 0.10951899251668354
5 0.08376856380026806
5 0.08376856380026806
5 0.08376856380026806
5 0.10951899251668354
2 0.563010014708194
5 0.06642721475261955
5 0.10951899251668354
5 0.08376856380026806
5 0.08376856380026806
5 0.05925463634240753
5 0.06262780119908713
2 0.4369899852918058
5 0.08770063524528297
3 0.5209217161310724
5 0.07905504071482208
2 0.6510916444517615
3 0.47907828386892765
5 0.08411562853486054
2 0.3489083555482385
5 0.10460723748401811
5 0.06214843847608692
5 0.05856343176566451
5 0.05856343176566451
5 0.05856343176566451
5 0.07905504071482208
5 0.08411562853486054
5 0.05856343176566451
5 0.05856343176566451
5 0.05856343176566451
5 0.025457578731262216
5 0.042364180969997375
5 0.053906247114312286
5 0.06233030222849039
5 0.06233030222849039
5 0.04825540292598031
3 0.8045167128986254
3 0.1954832871013746
5 0.06233030222849039
5 0.06233030222849039
5 0.05716973924812973
5 0.04919699987037409
5 0.0360033682752502
5 0.04806202702369145
5 0.04806202702369145
5 0.04806202702369145
5 0.023063441819422752
5 0.06233030222849039
2 0.20714452149226775
7 0.4511700279670491
2 0.05572538138008791
2 0.1286010461853844
2 0.16867601786011918
4 0.6078291162164432
5 0.04919699987037409
5 0.04806202702369145
5 0.04806202702369145
5 0.04806202702369145
5 0.04806202702369145
5 0.035122100567864
7 0.5488299720329509
2 0.0958003530548227
2 0.2154516338419337
2 0.1286010461853844
4 0.3921708837835568
5 0.1950642548758426
5 0.1950642548758426
5 0.1950642548758426
3 0.6462062848749159
5 0.07461238836475058
5 0.14513059213187904
3 0.353793715125084
5 0.1950642548758426
2 1.0
5 0.3929862472701295
8 0.5941528512032401
5 0.3929862472701295
8 0.40584714879675976
5 0.21402750545974095
2 1.0
5 0.04764471294368801
5 0.03130259086532051
5 0.05305524239294751
5 0.06629984348560754
5 0.08869372423261061
5 0.08869372423261061
3 0.42852556689289384
5 0.07063573445995013
5 0.01634212207836749
2 0.5158318642948527
3 0.32032906792895705
3 0.25114536517814906
5 0.08869372423261061
5 0.08869372423261061
5 0.08869372423261061
5 0.08869372423261061
5 0.04995772140724005
5 0.06629984348560754
5 0.06629984348560754
2 0.4841681357051473
5 0.0670904848995986
5 0.027475898016608026
5 0.028463545393782052
5 0.06350571765579863
3 0.432257517824714
5 0.0601750406000954
2 0.23183375277751767
5 0.07903605028600263
5 0.07903605028600263
2 0.304498741667447
5 0.0601750406000954
5 0.07903605028600263
5 0.06251807027862459
5 0.07903605028600263
5 0.06350571765579863
3 0.567742482175286
5 0.0601750406000954
2 0.23183375277751767
5 0.0670904848995986
2 0.23183375277751767
5 0.0601750406000954
5 0.06350571765579863
5 0.4323787630736664
7 1.0
3 0.5659217133915029
5 0.2572734369793314
3 0.4340782866084972
5 0.23344473176640324
5 0.07690306818059892
5 0.03409303638039374
5 0.03409303638039374
5 0.026807957077618474
5 0.03409303638039374
5 0.026712461552408726
5 0.026712461552408726
5 0.026712461552408726
5 0.02754991810803107
5 0.021208772403122935
5 0.03409303638039374
2 0.1406430896747449
3 0.20662771357968984
3 0.20662771357968984
5 0.02754991810803107
5 0.02622830217518674
5 0.02622830217518674
5 0.02622830217518674
5 0.03409303638039374
6 0.5045726519899979
5 0.03409303638039374
5 0.03748303970325602
7 0.3960953808151211
2 0.06796899095008006
2 0.08867592265251437
2 0.10041316828146821
16 1.0
2 0.1816199300969365
7 0.603904619184879
2 0.1816199300969365
2 0.09841587857257442
5 0.029618305498049016
5 0.02622830217518674
5 0.02622830217518674
6 0.49542734801000216
5 0.03409303638039374
5 0.026712461552408726
5 0.03409303638039374
5 0.03409303638039374
3 0.29389574534105134
3 0.292848827499569
5 0.02253038833596727
5 0.03409303638039374
2 0.1406430896747449
5 0.03409303638039374
5 0.03409303638039374
5 0.03409303638039374
5 0.02622830217518674
5 0.01884772734720173
5 0.026712461552408726
5 0.026712461552408726
5 0.02754991810803107
5 0.2272242607589239
3 0.6571881648688158
5 0.2272242607589239
5 0.12602076709406335
5 0.09699171524654457
5 0.1185279498036037
3 0.34281183513118424
5 0.13023254551237934
5 0.07377850082556124
5 0.085101794852523
5 0.1395405817566154
5 0.19975256492860516
5 0.2584525411302872
5 0.2584525411302872
5 0.05869997620168201
2 1.0
5 0.0731957719761638
5 0.0584001360165982
5 0.09458103891389706
6 0.23241111663880612
5 0.07396834179668003
6 0.23486417929283607
5 0.07396834179668003
5 0.0731957719761638
2 0.4167000134847264
5 0.09458103891389706
5 0.07978540295433147
5 0.09458103891389706
6 0.3003135874295516
5 0.09458103891389706
6 0.23241111663880612
5 0.09458103891389706
5 0.09458103891389706
2 0.5832999865152736
3 0.5634502230041356
3 0.43654977699586456
5 0.028227588923660996
5 0.058099011704949896
2 0.1540719248887695
5 0.058099011704949896
5 0.058099011704949896
5 0.04826448327562171
5 0.05838611474249106
5 0.09495419815808075
5 0.07498778564668471
5 0.07498778564668471
5 0.028227588923660996
7 0.5
2 0.2070205640906977
2 0.09212769702830365
2 0.12381577643661387
4 0.5
5 0.06364897066475851
5 0.060213747216991444
5 0.060213747216991444
5 0.08361538317615455
5 0.07498778564668471
5 0.07498778564668471
7 0.5
2 0.09212769702830365
2 0.2070205640906977
2 0.12381577643661387
4 0.5
2 1.0
5 0.11029578770118316
5 0.11029578770118316
5 0.11029578770118316
5 0.11029578770118316
3 0.5
5 0.06281052030132148
5 0.06281052030132148
5 0.04748526739986168
5 0.08751033573801342
5 0.11029578770118316
5 0.11029578770118316
3 0.5
5 0.03928877768538888
5 0.038319852366994166
5 0.05116482040155671
5 0.05116482040155671
5 0.07301916774923872
5 0.07729998938396766
5 0.09595278001369725
5 0.05544564203628566
5 0.09595278001369725
2 0.5
5 0.09595278001369725
2 0.5
5 0.09595278001369725
5 0.09595278001369725
5 0.07301916774923872
5 0.05116482040155671
5 0.03251202977182715
5 0.05544564203628566
2 0.3068148345024821
5 0.0890515813910709
2 0.0615998169863412
4 1.0
5 0.09951856094664338
5 0.11739762186274737
8 1.0
5 0.11739762186274737
2 0.2271081751679594
5 0.07117252047496693
5 0.06591709354061076
5 0.06939439417098392
5 0.09951856094664338
2 0.40447717334321726
5 0.0890515813910709
5 0.11739762186274737
5 0.0641828415497676
5 0.3929862472701295
8 0.5941528512032401
5 0.3929862472701295
8 0.40584714879675976
5 0.21402750545974095
6 1.0
5 0.10822859893121417
5 0.10822859893121417
5 0.10822859893121417
5 0.13947027718599175
5 0.10737491190584561
5 0.07761347074407085
5 0.08207989333489776
5 0.08293358036026632
3 0.32816686089417435
5 0.13947027718599175
3 0.3865881301670616
3 0.0865966729505323
5 0.04637179248929326
3 0.1285348026305595
3 0.07011353335767222
5 0.10526663109618226
6 0.16840105854292473
5 0.11286403318050144
6 0.13014510491405462
5 0.13749380276969905
6 0.18450899659295003
5 0.13749380276969905
5 0.03987217270137006
5 0.054797563021729695
6 0.07536087543176079
5 0.10526663109618226
6 0.11618126046904867
5 0.09002422798400983
5 0.10526663109618226
6 0.11618126046904867
5 0.1116545042844441
6 0.040820385037287896
6 0.16840105854292473
6 0.1728501294529782
5 0.1034990528423772
5 0.1034990528423772
6 0.12665911541635821
5 0.11307276517641549
6 0.08412617710993607
5 0.11111200883848767
6 0.2356908294940165
5 0.11307276517641549
5 0.08148694267292494
5 0.1034990528423772
5 0.1034990528423772
6 0.2195422247447952
5 0.05614729792775998
5 0.11111200883848767
6 0.12054927195322841
6 0.04058225182868723
5 0.5
6 0.4378544164289283
5 0.5
6 0.4169704550476746
6 0.1451751285233971
7 0.5996178891593731
1 1.0
2 0.42913299605687005
5 0.12862995241850847
2 0.24793672471027647
5 0.050702289614274136
7 0.40038211084062697
5 0.3849827341764716
5 0.3849827341764716
2 0.3229302792328534
3 1.0
5 0.050702289614274136
6 0.5208989446023666
5 1.0
6 0.32421526436657055
6 0.15488579103106273
5 0.11753927781128842
6 0.13193251900910968
5 0.09847860691940503
6 0.08960041056708258
5 0.057463181784756345
2 1.0
5 0.11753927781128842
6 0.13193251900910968
5 0.11753927781128842
6 0.1352797334366169
5 0.09847860691940503
6 0.08960041056708258
5 0.04034393750870328
6 0.0
6 0.056055023261622476
5 0.11753927781128842
6 0.09838713170364957
5 0.11753927781128842
6 0.1352797334366169
5 0.11753927781128842
6 0.13193251900910968
7 1.0
2 0.6912304915058707
2 0.30876950849412926
5 0.07830543654207228
5 0.03649622110973735
5 0.03946173486127729
5 0.10791046279036794
6 0.5666499750789429
5 0.10791046279036794
5 0.0852476807548415
5 0.1243345905246641
5 0.10791046279036794
5 0.08454409084330258
5 0.08252537509232917
6 0.433350024921057
5 0.06282810680834267
5 0.08252537509232917
5 0.10638228529740842
5 0.11641052160294071
5 0.15629257271958655
5 0.21031428556186554
5 0.21031428556186554
3 1.0
5 0.09390376395892482
5 0.10638228529740842
2 0.7526393931011605
2 0.24736060689883943
5 0.08951063937121596
5 0.07917548957667377
5 0.062400406118860975
5 0.046499521878281554
5 0.06638209743478413
2 0.5
5 0.06292995522722229
5 0.0458140099491539
5 0.062400406118860975
5 0.03267596769839221
5 0.045469359840281845
5 0.0458140099491539
5 0.06638209743478413
2 0.5
5 0.06292995522722229
5 0.06327460533609434
5 0.06292995522722229
5 0.10541152361179539
6 0.28303138276655115
6 0.20594573371515867
6 0.5110228835182902
5 0.21190577631628651
5 0.14848463028551534
6 0.5856991293489664
3 0.6494807312024665
5 0.1722407802810594
5 0.10881963425028818
5 0.14848463028551534
2 0.5
1 1.0
2 0.5
3 0.3505192687975335
5 0.10503227429066758
5 0.10503227429066758
6 0.4143008706510336
2 0.42506284742970013
5 0.10937402074553432
3 0.6202429838897313
5 0.06639841224549803
5 0.0628062861039107
5 0.03716742818906459
5 0.03716742818906459
3 0.37975701611026874
7 1.0
2 0.2082661655771215
2 0.36667098699317835
5 0.1257960983252427
5 0.10937402074553432
5 0.10937402074553432
5 0.10937402074553432
5 0.10937402074553432
5 0.04005908038885966
5 0.0837351628306882
5 0.09972746270368905
5 0.09972746270368905
5 0.13261418321783536
5 0.07455445511347818
5 0.09972746270368905
5 0.09972746270368905
3 0.2918061784216121
5 0.03804949461218047
5 0.03288973921168671
5 0.03288973921168671
5 0.07455445511347818
5 0.054048453538636784
5 0.054048453538636784
3 0.354096910789194
2 0.1380836656341148
2 0.3619163343658852
5 0.10744117562762447
9 0.19316483582848049
9 0.29620904028048717
9 0.5106261238910322
3 0.354096910789194
2 0.1380836656341148
2 0.3619163343658852
2 0.33178825916925675
1 1.0
2 0.16821174083074328
5 0.02051105642084047
2 0.16821174083074328
5 0.02051105642084047
2 0.33178825916925675
5 0.1476248994986249
5 0.11508238228481033
6 0.13392684459625878
5 0.11236321743744673
5 0.11236321743744673
5 0.11236321743744673
6 0.3120184986144352
5 0.1476248994986249
6 0.3222105635927798
5 0.09552249857153909
5 0.11603355499237956
6 0.23184409319652616
5 0.12199610004027812
5 0.12610639235838594
5 0.15721716161673152
2 0.641637328960314
5 0.1230288611344099
5 0.09384418287660905
5 0.1327823407988975
5 0.15721716161673152
3 1.0
2 0.35836267103968583
5 0.08780779955795655
5 0.25835368293014804
8 1.0
5 0.15366011520246553
5 0.06882095390442185
5 0.07751578145948221
5 0.028476961633010958
5 0.25835368293014804
2 0.8163309668117082
3 0.7377669687363251
5 0.1548188219403234
3 0.26223303126367487
2 0.1836690331882917
3 1.0
5 0.2704892370631312
5 0.20328597529230097
5 0.21721920210894838
5 0.10070588183577862
5 0.20829970369984085
7 0.5
7 0.5
4 1.0
5 0.19611536715216976
5 0.19611536715216976
5 0.19611536715216976
3 0.5692217048364953
5 0.10776926569566041
5 0.10776926569566041
5 0.19611536715216976
3 0.43077829516350474
5 0.04386210362829316
5 0.05595294222541358
5 0.05595294222541358
5 0.05595294222541358
5 0.04595490033808312
5 0.02544374829392905
5 0.04386210362829316
2 0.3540839012395427
5 0.025157782971740796
5 0.04386210362829316
5 0.04386210362829316
5 0.04000123926841031
5 0.034370058291367384
5 0.0464608968884878
5 0.05595294222541358
5 0.0464608968884878
5 0.03921547270070643
5 0.0338640617409627
5 0.034370058291367384
5 0.04753262877837993
5 0.04386210362829316
5 0.024372016404036925
5 0.034370058291367384
5 0.03544179018125951
5 0.04386210362829316
2 0.1872922960967422
2 0.45862380266371516
3 1.0
5 0.1237740150989844
5 0.1237740150989844
2 0.35405205906956816
5 0.09493629389424108
5 0.09493629389424108
5 0.09632104282235465
5 0.10454886762915552
5 0.1237740150989844
5 0.046678119746458635
5 0.1237740150989844
2 0.645947940930432
5 0.06748332161761132
6 1.0
5 0.21683175352735629
6 1.0
5 0.21683175352735629
5 0.21683175352735629
5 0.16349421550118184
5 0.11406621988762376
5 0.07194430402912567
3 1.0
3 0.5
2 0.5
5 0.19162986513607172
5 0.17804141553477093
5 0.17804141553477093
5 0.19162986513607172
3 0.5
2 0.5
5 0.13032871932915732
5 0.13032871932915732
6 0.5
5 0.04443212886205506
5 0.04443212886205506
5 0.025910743916708497
5 0.03398894218877589
5 0.023932146470494332
5 0.027633616107297296
3 0.1608284765159718
3 0.1608284765159718
5 0.03769041182557886
5 0.04443212886205506
5 0.018521384945346563
2 0.2832920302328889
5 0.03398894218877589
2 0.21670796976711112
3 0.17834304696805647
5 0.04443212886205506
5 0.0343753331437735
5 0.023932146470494332
5 0.023932146470494332
5 0.023932146470494332
5 0.035319897700104325
5 0.03398894218877589
5 0.03398894218877589
5 0.023932146470494332
5 0.027633616107297296
3 0.1608284765159718
3 0.1608284765159718
5 0.02961221355351146
5 0.03398894218877589
5 0.008078198272067396
2 0.21670796976711112
5 0.04443212886205506
2 0.2832920302328889
3 0.17834304696805647
5 0.03398894218877589
5 0.03398894218877589
5 0.023932146470494332
5 0.023932146470494332
5 0.023932146470494332
5 0.014819915308543602
5 0.04443212886205506
6 0.5
5 0.04443212886205506
5 0.2661222037600684
3 0.44429005089227636
2 1.0
5 0.2661222037600684
3 0.33050363849819425
5 0.1979660729544134
5 0.1348947597627249
3 0.2252063106095294
5 0.1348947597627249
7 1.0
5 0.11029578770118316
5 0.11029578770118316
5 0.11029578770118316
5 0.11029578770118316
3 0.5
5 0.06281052030132148
5 0.06281052030132148
5 0.04748526739986168
5 0.08751033573801342
5 0.11029578770118316
5 0.11029578770118316
3 0.5
5 0.03928877768538888
5 0.038319852366994166
5 0.17963288955543252
3 0.5747181955528845
7 1.0
5 0.146537691217853
5 0.143263856829452
5 0.10579618739147639
3 0.42528180444711555
5 0.1329253188768304
5 0.1329253188768304
5 0.0965562861508499
5 0.06236245110127527
7 1.0
2 0.4628935795113965
2 0.20677245113919882
3 0.559071458852204
5 0.13308829438753939
2 0.3303339693494046
3 0.44092854114779606
5 0.07382982336960534
5 0.07382982336960534
5 0.07382982336960534
5 0.12452627530608949
5 0.13308829438753939
5 0.13308829438753939
5 0.13308829438753939
6 1.0
5 0.04866900623402275
5 0.07296207080091416
2 0.7211359533544777
3 0.4390773046026595
2 0.27886404664552233
5 0.20245302543083965
5 0.15220642575962195
5 0.19641212226437668
5 0.18364649217084686
3 0.324909825090116
5 0.18364649217084686
3 0.23601287030722445
5 0.08163544220346795
5 0.03694372691976306
5 0.03694372691976306
5 0.07764165896828952
6 0.49446579149133457
5 0.08325013300055681
5 0.09978674803175228
6 0.5055342085086655
5 0.08325013300055681
2 0.45333149888836827
5 0.09978674803175228
5 0.09978674803175228
5 0.09978674803175228
5 0.08325013300055681
5 0.09978674803175228
5 0.09978674803175228
3 1.0
2 0.10907420445387483
2 0.43759429665775684
17 1.0
5 0.07972929764726913
5 0.06503483047649651
5 0.06503483047649651
5 0.06503483047649651
5 0.13799369484079105
5 0.10190007941588909
5 0.10190007941588909
5 0.10190007941588909
2 0.38322060441792183
5 0.09396962460318863
5 0.05033394238082145
2 0.27687374487658173
2 0.19160084284626358
5 0.0685843554253866
5 0.0685843554253866
2 0.14830480785923278
5 0.08238912065649859
2 1.0
5 0.06845743124718431
5 0.05024204961256251
5 0.08238912065649859
5 0.06845743124718431
5 0.06525326678329046
5 0.06737790348577065
3 0.5
5 0.06393548872946822
5 0.015011217170727936
5 0.03214707104393607
5 0.06393548872946822
5 0.08238912065649859
5 0.06845743124718431
5 0.06453239238028072
5 0.04607876045325035
3 0.5
5 0.06393548872946822
5 0.015011217170727936
3 1.0
5 0.20488540266587163
5 0.17481151390352273
5 0.15241253077858508
6 1.0
5 0.10385442019118353
5 0.10385442019118353
5 0.1563272920784701
5 0.10385442019118353
5 0.15102149969735396
6 0.345472082053612
5 0.15102149969735396
6 0.12043950344231405
5 0.15102149969735396
6 0.267044207252037
5 0.1281652480427034
5 0.1195720286840516
3 0.7082823313336803
5 0.15102149969735396
6 0.267044207252037
5 0.09552716066222829
5 0.052649563821600624
3 0.29171766866631965
1 1.0
2 0.3408405944619291
2 0.27233142478799227
5 0.15010820495186128
2 0.1583536829558582
5 0.06148374550967451
2 0.22847429779422035
5 0.34661413071306263
5 0.44179391882540153
6 0.6464414969238506
6 0.35355850307614944
5 0.10623651769721093
6 0.17904038747803525
5 0.062226082977787395
6 0.12811454170544495
5 0.07975052859425723
6 0.18929621400417723
5 0.10623651769721093
6 0.12811454170544495
5 0.0880968172769504
6 0.25600837983060803
6 0.11942593527628961
5 0.050274642936014594
5 0.07975052859425723
5 0.07975052859425723
5 0.061610828173996685
5 0.07975052859425723
5 0.11789618226102146
2 1.0
5 0.08842029660277881
5 0.08024385537419021
5 0.048193820540828054
3 0.43657832595346846
5 0.08621522966576288
5 0.10674652641280215
2 0.08415114401469162
2 0.15341464042452363
5 0.11469956732520234
5 0.14236209111899115
2 0.11532536591310062
2 0.20460084044930538
4 0.47303145778359734
3 0.5634216740465315
5 0.14236209111899115
5 0.07469649157943997
2 0.06926349640983198
2 0.10735277092125496
4 0.32030760274881975
5 0.09416827057816309
5 0.110312056285629
2 0.15853897094603675
2 0.10735277092125496
4 0.20666093946758288
5 0.16666666666666669
6 0.24662950658853483
5 0.16666666666666669
6 0.08765798494407387
5 0.16666666666666669
6 0.191080648035252
5 0.16666666666666669
6 0.1958932274528135
5 0.16666666666666669
6 0.13839426407979522
5 0.16666666666666669
6 0.14034436889953067
5 0.5
6 0.41010869932593613
6 0.20096441226213846
5 0.5
6 0.2990355877378616
6 0.08989130067406395
5 0.10721136549625268
5 0.10721136549625268
3 1.0
5 0.07898872798633372
5 0.04868609028927117
5 0.11139611801866264
2 0.13097751848588335
5 0.1416987557157252
6 1.0
5 0.1416987557157252
5 0.10721136549625268
2 0.18004935301206165
1 1.0
2 0.21823773275248026
2 0.2558362624669204
5 0.10721136549625268
2 0.2148991332826544
5 0.04868609028927117
7 1.0
3 1.0
5 0.15085906596164494
2 0.5
5 0.05300910844282551
5 0.08177886232763817
5 0.08177886232763817
5 0.11548664402030898
5 0.08671689013549631
5 0.11548664402030898
5 0.15085906596164494
2 0.5
5 0.16402485680249393
6 0.40967319755285486
6 0.34038463204412
6 0.2499421704030251
5 0.060715888567197715
5 0.060715888567197715
5 0.09624301825193644
3 0.22102109155744423
5 0.08472428231111774
5 0.08472428231111774
2 0.27152420008782135
5 0.09355452869154582
5 0.11373712915650976
5 0.09624301825193644
3 0.3894894542212779
5 0.07320384105427596
5 0.037676711369537236
2 0.12074624461245978
5 0.11373712915650976
5 0.08472428231111774
2 0.27152420008782135
3 0.3894894542212779
2 0.06468115512407609
2 0.27152420008782135
5 0.02399988880618539
5 0.03755467374452218
5 0.03755467374452218
2 0.1379139841778557
5 0.02917802448889612
5 0.020997492174058767
5 0.02914555901989453
5 0.03755467374452218
5 0.030340548918590497
5 0.02917802448889612
3 0.35609797126299925
5 0.03755467374452218
5 0.02917802448889612
5 0.0
5 0.02917802448889612
5 0.03755467374452218
3 0.6439020287370008
5 0.029406606898686415
5 0.02917802448889612
5 0.03755467374452218
5 0.030340548918590497
2 0.1379139841778557
5 0.03755467374452218
2 0.10715197887425834
5 0.029406606898686415
5 0.03755467374452218
5 0.03755467374452218
2 0.10715197887425834
5 0.02917802448889612
5 0.029406606898686415
2 0.10799141396192845
5 0.012620842918432707
5 0.03755467374452218
2 0.10715197887425834
5 0.02917802448889612
5 0.02914555901989453
5 0.03755467374452218
2 0.07627074893809807
5 0.02076890976426847
5 0.030340548918590497
5 0.03755467374452218
2 0.08053994794363137
2 0.1379139841778557
5 0.02917802448889612
5 0.08282989240108861
6 0.2105487233202778
5 0.08909565496437646
6 0.1558346368040597
5 0.10943040449778772
6 0.23096680754869786
5 0.10943040449778772
5 0.062495142867677336
5 0.03500842088461079
5 0.08282989240108861
5 0.09153714769330402
2 1.0
5 0.10080573485104784
5 0.08282989240108861
5 0.062495142867677336
6 0.14428438206200475
5 0.09121226967246503
6 0.04781672694468213
6 0.2105487233202778
5 0.11354832443332774
2 1.0
3 0.3554738238903103
5 0.08584100072070544
5 0.06158335230530281
5 0.02026604655155522
5 0.07042967353928219
5 0.08584100072070544
5 0.11354832443332774
5 0.09468732195468482
5 0.09328227788177253
3 0.3222630880548449
3 0.3222630880548449
5 0.08584100072070544
5 0.11354832443332774
5 0.06158335230530281
3 0.5
5 0.12719645272503913
5 0.12719645272503913
5 0.09768350604471947
5 0.07192046621249236
5 0.04380584897029574
5 0.029512946680319653
5 0.04965838016170883
5 0.09768350604471947
5 0.10330111239555742
5 0.10728594408422511
3 0.5
2 1.0
5 0.07518649515336079
5 0.06956888880252285
5 0.06873688743319402
5 0.015814078041049468
5 0.04851172420667805
5 0.07150193236840056
5 0.09172709559491653
5 0.09172709559491653
5 0.07275902404229476
5 0.04851172420667805
5 0.06873688743319402
2 0.44452437130429606
5 0.06873688743319402
2 0.555475628695704
5 0.022990208161722512
5 0.02954365265405629
5 0.04851172420667805
5 0.06873688743319402
5 0.09172709559491653
5 0.09172709559491653
3 1.0
1 1.0
2 0.3799006698707153
2 0.2853210308369362
5 0.0991767099207549
2 0.14185373089637346
5 0.039092654353415
3 1.0
5 0.3084134108999669
5 0.22725279735852327
2 0.19292456839597508
5 0.1524939347466181
5 0.1735704927207218
5 0.18079854477798576
2 0.7036318833963361
2 0.296368116603664
5 0.18079854477798576
3 0.7375432696980965
5 0.18079854477798576
6 0.3366669577908899
5 0.18079854477798576
6 0.331666521104555
5 0.1384029104440284
3 0.2624567303019035
5 0.1384029104440284
6 0.331666521104555
7 1.0
2 0.6912304915058707
2 0.30876950849412926
5 0.07830543654207228
5 0.03649622110973735
5 0.03946173486127729
5 0.10791046279036794
3 0.5666499750789429
5 0.10791046279036794
5 0.0852476807548415
5 0.1243345905246641
5 0.10791046279036794
5 0.08454409084330258
5 0.08252537509232917
3 0.433350024921057
5 0.06282810680834267
5 0.08252537509232917
5 0.5
6 0.41010869932593613
6 0.20096441226213846
5 0.5
6 0.2990355877378616
6 0.08989130067406395
5 0.03694372691976306
5 0.03694372691976306
5 0.07764165896828952
6 0.49446579149133457
5 0.08325013300055681
5 0.09978674803175228
6 0.5055342085086655
5 0.08325013300055681
2 0.45333149888836827
5 0.09978674803175228
5 0.09978674803175228
5 0.09978674803175228
5 0.08325013300055681
5 0.09978674803175228
5 0.09978674803175228
3 1.0
2 0.10907420445387483
2 0.43759429665775684
5 0.12740931081874865
5 0.10089616119340283
5 0.16052046391636873
2 0.16853311124494136
2 0.18391106603435037
5 0.126043268287569
5 0.126043268287569
7 0.5
1 1.0
7 0.5
2 0.14685606073703678
5 0.02410904530768043
2 0.10037360445413183
5 0.02410904530768043
5 0.16052046391636873
2 0.21641509149518928
2 0.18391106603435037
5 0.09293211518994893
5 0.05741685777466348
2 0.26053151761738336
3 1.0
2 0.06674063614279656
5 0.05813631990962004
5 0.08903628289228224
5 0.07039669354228237
5 0.07039669354228237
5 0.05129687983441981
5 0.08903628289228224
5 0.08903628289228224
2 0.33636392311991004
5 0.05194616402037194
5 0.03187315664758579
5 0.04953955233266208
5 0.06896327551949609
5 0.06896327551949609
5 0.08903628289228224
5 0.08903628289228224
2 0.33636392311991004
5 0.03330657467037206
5 0.3929862472701295
8 0.5941528512032401
5 0.3929862472701295
8 0.40584714879675976
5 0.21402750545974095
6 1.0
5 0.11061823447720641
5 0.1353168032476422
5 0.08508709796868191
5 0.10619150704164432
5 0.07747077498686175
5 0.08106493468433514
3 0.29350203327600943
5 0.10216934375729757
3 0.3177731748339969
5 0.07304404755129967
5 0.04580297784339824
2 0.1342663675260324
5 0.08106493468433514
5 0.10216934375729757
2 0.2994981397435074
3 0.38872479188999354
2 0.16956923885905517
2 0.39666625387140503
5 0.40419405149440696
5 0.40419405149440696
5 0.19161189701118608
5 0.11166570840760605
2 0.33868532070770146
2 0.2879302031679384
5 0.04853503288967268
5 0.030931308021784752
5 0.11166570840760605
2 0.37338447612436015
5 0.08014518619449074
5 0.04853503288967268
5 0.06652996404542923
5 0.06581058977677853
6 0.4389003058449174
5 0.04912424708100325
5 0.03021193375313406
5 0.0625414613266028
5 0.029294551581021417
5 0.03152052221311531
5 0.08413368891331716
6 0.5610996941550825
5 0.08413368891331716
5 0.06522137558544798
1 1.0
2 0.3123522111656244
2 0.16368519875557827
5 0.07407815155458383
5 0.1298196629265992
8 0.20249028504935715
5 0.1298196629265992
8 0.14986905288549685
2 0.21161037891317303
5 0.07407815155458383
5 0.1298196629265992
8 0.14581153950623246
5 0.10127284675010549
8 0.14946978462405958
2 0.3123522111656244
5 0.10147253550773089
5 0.1298196629265992
8 0.14581153950623246
5 0.1298196629265992
8 0.2065477984286215
5 0.11339889906193863
5 0.10163043846582605
5 0.10163043846582605
3 0.2370964008049621
5 0.05991690431976587
5 0.07849233075178677
2 0.2214158369849712
3 0.17676918711177744
5 0.10163043846582605
2 0.28668518797358106
5 0.10163043846582605
3 0.33814690479325843
5 0.08097872447147196
5 0.10163043846582605
2 0.28668518797358106
3 0.24798750729000205
5 0.10163043846582605
2 0.20521378706786672
5 0.05743051060008067
17 1.0
2 1.0
5 0.050184161181924154
5 0.04178990053415727
5 0.05769137835308012
5 0.05769137835308012
5 0.05769137835308012
5 0.05769137835308012
5 0.09921918233196424
5 0.08554408503483452
5 0.05769137835308012
5 0.029831366498037446
5 0.027191065421762747
5 0.05504377210351713
5 0.08265606325304978
5 0.05769137835308012
5 0.05769137835308012
5 0.05769137835308012
5 0.0252194762819545
5 0.04178990053415727
5 0.07658787699632487
5 0.041219789341780715
5 0.025916528962273745
5 0.04014064058680516
5 0.04014064058680516
5 0.05630489818562309
5 0.05630489818562309
3 1.0
5 0.0657564568778935
5 0.05630489818562309
6 1.0
5 0.07658787699632487
5 0.05630489818562309
5 0.05630489818562309
2 1.0
5 0.07658787699632487
5 0.07658787699632487
5 0.05630489818562309
5 0.05630489818562309
5 0.025916528962273745
5 0.06042361939750693
7 1.0
2 0.5
2 0.22567925643218648
3 0.2770761623925957
5 0.09520962658410334
5 0.06576956895187741
5 0.04013613971788874
5 0.12084305581809202
5 0.12084305581809202
3 0.41008656116451175
2 0.2743207435678135
5 0.1141887352549665
5 0.12084305581809202
5 0.12084305581809202
5 0.09218593350588405
3 0.31283727644289244
5 0.043368203761034306
5 0.06576956895187741
2 0.704263660723295
5 0.11474472985477756
2 0.29573633927670484
5 0.11474472985477756
3 0.4126560822113784
5 0.11474472985477756
5 0.11474472985477756
5 0.11474472985477756
3 0.5873439177886216
5 0.06361152412540894
5 0.0874436960877523
5 0.0874436960877523
5 0.06143619087350555
5 0.06143619087350555
5 0.06490505267818741
6 0.5
5 0.5830295449523254
6 0.2669111892549953
5 0.4169704550476746
6 0.23308881074500465
1 1.0
2 0.34625682005730174
2 0.12548842085989292
5 0.02332450192859
5 0.055440503664654445
5 0.064574042754641
5 0.05038307991603758
5 0.052160007783530485
5 0.03669799485448446
5 0.021547574061097093
5 0.021547574061097093
2 0.2423280934186656
5 0.052160007783530485
5 0.055440503664654445
5 0.04942362196125364
5 0.035232659122650216
5 0.03700958699014312
5 0.035232659122650216
5 0.035232659122650216
5 0.035232659122650216
2 0.28592666566413977
5 0.03700958699014312
5 0.04175541860310132
5 0.035738536899700524
5 0.021547574061097093
5 0.052160007783530485
5 0.05038307991603758
5 0.05038307991603758
5 0.05038307991603758
7 1.0
1 1.0
2 0.20010850687317597
5 0.049842355202937366
5 0.049842355202937366
2 0.32895762880512397
5 0.08904176073783031
5 0.05734789655604226
2 0.19248176658020114
5 0.11229073229260733
5 0.14667301606777008
5 0.14667301606777008
5 0.1237074032868906
5 0.11229073229260733
5 0.11229073229260733
3 1.0
2 0.22604219237399042
2 0.05240990536750865
5 0.11997410408338734
5 0.16638695153118813
5 0.16638695153118813
2 1.0
5 0.04641284744780078
3 1.0
5 0.11997410408338734
5 0.11997410408338734
5 0.08963580269053588
5 0.0856275672745625
5 0.0856275672745625
5 0.5
6 1.0
5 0.5
2 1.0
5 0.25845254113028726
5 0.19975256492860521
5 0.13954058175661543
5 0.08510179485252302
5 0.058699976201682026
5 0.25845254113028726
3 1.0
5 0.13436958542615787
5 0.13436958542615787
5 0.07643282102227106
5 0.10662816400382817
5 0.13436958542615787
2 0.4038555695312588
5 0.10268306204870187
5 0.10268306204870187
5 0.11279985165611084
3 0.6334120307122124
2 0.3086198887446983
2 0.06965850474076053
3 0.3665879692877876
5 0.07248771906714477
2 0.21786603698328239
5 0.02317656387476804
3 0.25707620676379916
3 0.25707620676379916
5 0.5701063642762151
3 0.3172215212925591
7 0.5
5 0.42989363572378486
3 0.1686260651798425
7 0.5
5 0.12740931081874865
5 0.10089616119340283
5 0.16052046391636873
2 0.1312272233077727
2 0.14320116891561055
5 0.126043268287569
5 0.126043268287569
7 1.0
1 1.0
2 0.22135643056484783
2 0.11434852732547182
5 0.02410904530768043
2 0.0781552616492373
5 0.02410904530768043
5 0.16052046391636873
2 0.16851021932144922
2 0.14320116891561055
5 0.09293211518994893
5 0.05741685777466348
2 0.34452794489261573
5 0.2717397792136502
2 0.1088658760569125
5 0.2717397792136502
3 1.0
5 0.1532053773258882
5 0.129696684245214
2 0.1644372134683234
2 0.1088658760569125
5 0.04392169575638319
5 0.129696684245214
2 0.1644372134683234
2 0.1088658760569125
2 0.5
5 0.05295719700918151
5 0.033587216907769946
5 0.04096071047282934
5 0.04096071047282934
5 0.04096071047282934
5 0.05295719700918151
5 0.029687343263211548
5 0.041208170566113325
5 0.04096071047282934
5 0.05295719700918151
5 0.05295719700918151
5 0.05295719700918151
2 0.5
5 0.021838190464701764
5 0.01769085672685938
5 0.01769085672685938
5 0.04096071047282934
5 0.05295719700918151
5 0.05295719700918151
5 0.05295719700918151
5 0.029439883169927555
5 0.05295719700918151
5 0.05295719700918151
5 0.031366466637763726
5 0.0431154930808319
2 0.13744420621186862
5 0.07885005294140435
5 0.05657153612054423
5 0.11195294858590844
5 0.07885005294140435
3 0.6385531491043711
5 0.12065843206228986
3 0.3614468508956289
5 0.14667976500564656
5 0.11195294858590844
5 0.0260213329433567
1 1.0
7 1.0
2 0.5322959136839901
5 0.11195294858590844
5 0.11195294858590844
2 0.3302598801041412
5 0.022278516820860114
5 0.022278516820860114
5 0.24832606981505598
5 0.24832606981505598
5 0.13037643729990303
7 1.0
5 0.06820290588821717
5 0.1265663759894679
3 0.6375137885442138
2 0.5334779949345311
5 0.149980917508944
2 0.4665220050654689
3 0.36248621145578624
5 0.028221223683355945
3 1.0
5 0.2605816752363731
5 0.1893188479932373
2 0.30395786929756785
2 0.05128525541679118
4 0.17211373342061442
5 0.18375745836844806
5 0.12396780267557697
2 0.19903453650909453
2 0.12334390113372595
4 0.4139431332896928
5 0.11840641305078771
5 0.12396780267557697
2 0.19903453650909453
2 0.12334390113372595
4 0.4139431332896928
2 0.6929749773714481
5 0.2068161899387664
5 0.28616385398195293
5 0.19154173785643175
5 0.0749602111833128
5 0.24051800703953616
2 0.30702502262855186
5 0.16818825581094585
5 0.16818825581094585
5 0.22609242389365283
5 0.22609242389365283
3 0.49657843297129417
3 0.25171078351435294
3 0.25171078351435294
5 0.17250822131234125
5 0.038930419278461345
5 0.15089506926124122
5 0.15089506926124122
5 0.11277669465477852
5 0.15477085410957192
5 0.12499638934235398
5 0.20284550665192363
3 1.0
2 1.0
5 0.10282041671888949
5 0.5
8 0.6147503163047777
5 0.5
8 0.3852496836952222
5 0.18763532519343298
5 0.18763532519343298
5 0.18763532519343298
6 1.0
5 0.13960336232547269
3 0.5029627645297623
5 0.10985533690079545
5 0.18763532519343298
3 0.49703723547023776
5 0.1296533122883158
5 0.13408497718914966
5 0.13717213840893827
2 1.0
5 0.13074488104442153
5 0.16558627633011822
3 0.5020959606941491
5 0.13717213840893827
5 0.16558627633011822
3 0.4979040393058509
5 0.19487458957194184
5 0.19487458957194184
5 0.19487458957194184
5 0.19487458957194184
5 0.1365286811903455
5 0.08397296052188709
5 0.3812122743301405
7 1.0
3 0.6763928593452484
5 0.22686296831977099
5 0.13851709937549883
3 0.32360714065475155
5 0.12670382898729488
5 0.12670382898729488
3 0.5
5 0.1290353289357368
5 0.1290353289357368
5 0.10004489951061583
5 0.07024618042231644
5 0.04264783277047323
5 0.02899042942512096
5 0.0509192274722358
5 0.10004489951061583
5 0.1290353289357368
5 0.1290353289357368
3 0.5
5 0.048317382375201605
5 0.04264783277047323
5 0.27573453324623337
5 0.27573453324623337
5 0.27573453324623337
5 0.1727964002613
1 1.0
2 0.30766821028296043
2 0.36895302364773847
5 0.5481851323224167
2 0.22539787931560532
5 0.3262791744137551
2 0.09798088675369583
5 0.12553569326382824
2 0.3428212708235989
1 1.0
2 0.4254635111697657
5 0.6218118071935145
2 0.23171521800663542
5 0.37818819280648547
5 0.27022662073365616
5 0.27022662073365616
2 0.6988570977452333
5 0.27022662073365616
5 0.18932013779903156
2 0.3011429022547667
5 0.04212258416256941
5 0.03058799131589367
5 0.024849008342711372
5 0.026215004517828377
5 0.07271057547846307
3 0.3333333333333333
5 0.07271057547846307
5 0.05729905602837418
5 0.07271057547846307
5 0.07271057547846307
5 0.07271057547846307
5 0.07271057547846307
3 0.3333333333333333
5 0.026215004517828377
5 0.0561681074375413
5 0.046495570960634704
5 0.05729905602837418
5 0.07271057547846307
5 0.07271057547846307
3 0.3333333333333333
5 0.026215004517828377
5 0.024849008342711372
2 0.5
5 0.09251844392703312
5 0.09251844392703312
5 0.07215060793084052
5 0.05115043103738579
5 0.05115043103738579
5 0.05444798301249058
5 0.09251844392703312
5 0.09251844392703312
2 0.5
5 0.05763555548903375
5 0.05444798301249058
5 0.09251844392703312
5 0.09251844392703312
3 1.0
5 0.051953172459087184
5 0.051953172459087184
3 0.5
5 0.11565131008567445
5 0.11565131008567445
5 0.08910989353531384
5 0.08910989353531384
5 0.09047759275802336
5 0.11565131008567445
3 0.5
5 0.11565131008567445
5 0.08910989353531384
5 0.08910989353531384
5 0.09047759275802336
2 1.0
5 0.11217091664469105
5 0.11768510078964611
5 0.11503650987666057
5 0.1112344190397754
5 0.1420626509531936
5 0.1420626509531936
5 0.11768510078964611
5 0.1420626509531936
3 1.0
2 1.0
5 0.1498679954113693
5 0.12876763671154906
5 0.10512246944095133
5 0.07735585134120705
3 0.458347095082211
3 0.541652904917789
5 0.10512246944095133
5 0.10512246944095133
5 0.10512246944095133
5 0.07450621292402304
5 0.07450621292402304
5 0.07450621292402304
3 0.5
5 0.24976570627467723
3 0.5
7 1.0
5 0.18561042920363577
5 0.18561042920363577
5 0.12633781177268374
5 0.12633781177268374
5 0.12633781177268374
5 0.0
2 0.621391306578012
5 0.13375771440980697
3 0.5035161401516515
5 0.048156482384803884
2 0.378608693421988
5 0.07764476950202119
5 0.1126930587494431
5 0.13375771440980697
5 0.13375771440980697
5 0.08752466379002345
3 0.4964838598483485
5 0.10281316446144084
5 0.025168394959419648
5 0.07332487734422352
5 0.04623305061978352
5 0.025168394959419648
5 0.23498323882172845
5 0.19251412654397895
7 1.0
5 0.18218944151571806
3 0.18455329926713535
3 0.33900627100210085
5 0.23498323882172845
2 0.5112312296163467
3 0.13743415872866285
5 0.07766497714842303
5 0.07766497714842303
3 0.33900627100210085
2 0.3963726633279491
2 0.09239610705570425
5 0.15799069058751042
5 0.15799069058751042
5 0.15799069058751042
5 0.15799069058751042
5 0.11754733070333283
6 1.0
5 0.09249921635911516
5 0.15799069058751042
3 1.0
5 0.10695771923892311
5 0.08714958144387143
5 0.03445001096048444
5 0.018339289160738508
5 0.10695771923892311
5 0.08861843007818461
5 0.06881029228313292
5 0.04993433333292917
5 0.03382361153318324
5 0.07103885964412548
5 0.06827866635090021
2 1.0
5 0.08661795551163873
5 0.08661795551163873
5 0.05425814875553615
5 0.038147426955790216
3 0.6565344363514005
5 0.27870003809616295
5 0.10348197714645127
5 0.27870003809616295
7 0.21776870073856183
7 0.2390213393211382
18 1.0
7 0.24035295280535704
5 0.20505610401835742
7 0.30285700713494285
3 0.3434655636485995
5 0.08819080463967771
5 0.045871038003187564
2 0.7384790612306842
3 0.44666021885663776
2 0.2615209387693158
5 0.43122555555675796
5 0.35276559243968997
3 0.32959942098240563
5 0.21600885200355202
3 0.2237403601609566
7 1.0
2 0.5398612183740269
3 0.6565344363514005
2 0.2004517352909739
5 0.17426713195851637
5 0.20860054501953307
5 0.13257465578713923
5 0.15347976035458005
5 0.11035930229341048
5 0.11035930229341048
5 0.11035930229341048
3 0.3434655636485995
2 0.17083167827101092
2 0.08885536806398835
6 0.6147503163047777
5 0.5
5 0.5
6 0.3852496836952222
3 0.5
5 0.14484861224451434
7 1.0
3 0.5
5 0.1008179226691889
5 0.1008179226691889
5 0.1008179226691889
5 0.0730873399315661
5 0.042903794391719395
5 0.0
5 0.1008179226691889
5 0.1008179226691889
5 0.0706343771293422
5 0.0706343771293422
5 0.0706343771293422
5 0.02316750869822883
1 1.0
7 1.0
3 0.5292903744932655
5 0.2737956081773153
5 0.20930954040475155
3 0.23535481275336714
5 0.12922371285448328
5 0.12922371285448328
3 0.23535481275336714
5 0.12922371285448328
5 0.12922371285448328
5 0.023907697520657283
2 0.2184863991341095
5 0.011378904651656122
5 0.030804398095835666
5 0.02497307681726298
5 0.024016233522181327
5 0.012728021853751076
5 0.030804398095835666
5 0.030804398095835666
3 0.5522730841406669
5 0.012637328870525202
5 0.010313525355050424
6 0.1506890240671614
5 0.023907697520657283
5 0.023907697520657283
6 0.34931097593283866
2 0.2815136008658905
5 0.03603936129908325
5 0.024016233522181327
5 0.010313525355050424
5 0.03058247090922568
5 0.023998390503883155
5 0.02497307681726298
5 0.023907697520657283
5 0.017119532947002938
5 0.017210225930228813
5 0.02497307681726298
5 0.030804398095835666
5 0.023907697520657283
5 0.019425493444179546
5 0.030804398095835666
5 0.023907697520657283
5 0.034973982002477554
5 0.041870682577655936
5 0.034973982002477554
2 0.2815136008658905
5 0.023907697520657283
2 0.2184863991341095
5 0.030804398095835666
5 0.030804398095835666
5 0.030804398095835666
5 0.030804398095835666
5 0.01953402944570359
5 0.017210225930228813
5 0.011378904651656122
3 0.4477269158593331
5 0.017119532947002938
5 0.010313525355050424
6 0.1506890240671614
5 0.019425493444179546
5 0.023907697520657283
6 0.34931097593283866
5 0.18070869929438516
5 0.18070869929438516
5 0.07645877706419955
5 0.1536111999754758
5 0.1342915316003181
2 0.6197670857548843
2 0.3802329142451157
5 0.09140703092374543
5 0.09140703092374543
5 0.09140703092374543
5 0.06625941334483944
5 0.08584715256040201
5 0.08134362703795149
5 0.06685113714443686
5 0.04726339792887428
5 0.07186328822763738
5 0.08584715256040201
5 0.08584715256040201
2 0.1439249725172044
7 1.0
2 0.3940670548671848
2 0.18089844546122066
3 0.6142023030616929
5 0.08584715256040201
2 0.28110952715439014
3 0.38579769693830707
5 0.06625941334483944
5 0.06625941334483944
5 0.06625941334483944
5 0.06625941334483944
5 0.028996436347647262
5 0.028996436347647262
5 0.11908218986955482
5 0.12670954858672193
5 0.12670954858672193
5 0.2263667549317528
5 0.2263667549317528
6 0.6552828090470865
5 0.17476520309349572
6 0.3447171909529135
5 0.3412413137133929
5 0.3412413137133929
3 1.0
2 0.44082603875408055
2 0.1624216003533125
5 0.3175173725732142
2 0.23433076053929447
2 0.1624216003533125
7 1.0
2 0.5058367077243822
2 0.2376914911920693
3 0.3007356452700014
5 0.06926121095082809
2 0.2564718010835485
3 0.3062149896385582
3 0.3930493650914404
5 0.06989860501444058
5 0.03268235474949416
5 0.06926121095082809
5 0.06926121095082809
5 0.06926121095082809
5 0.08971997861414882
5 0.0868209285493141
5 0.08971997861414882
5 0.08971997861414882
5 0.08971997861414882
5 0.08971997861414882
5 0.03409794610553456
5 0.05085542870716025
2 0.2789095349910852
5 0.08857612331905516
5 0.10345016174777974
5 0.0992069219524976
2 0.2508932739746752
5 0.03282808633042858
5 0.08857612331905516
5 0.06964656408193687
5 0.06964656408193687
5 0.06964656408193687
5 0.06904791717744818
2 0.2193039170595644
5 0.08857612331905516
5 0.10345016174777974
5 0.11734868884109002
2 0.2508932739746752
7 1.0
1 1.0
2 0.2660856087213137
5 0.06366715762125787
2 0.16414724206384235
5 0.02647221638244838
2 0.32360522359091676
5 0.17476118284853204
5 0.13756624160972253
5 0.1342760905100156
5 0.14828896646608364
5 0.17476118284853204
5 0.14020696171340796
3 1.0
2 0.19706865753421782
2 0.049093268089709506
5 0.30735493700890903
2 0.6189593742172198
5 0.24261566284052685
5 0.11814265198064954
2 0.3810406257827803
5 0.16594337408495727
5 0.16594337408495727
5 0.05661456923116355
6 0.7982125333998876
6 0.20178746660011243
5 0.058564242873641925
5 0.029412647851993608
5 0.040878785461159764
5 0.04282845910363814
5 0.06141022142375678
5 0.07287635903292293
5 0.05661456923116355
5 0.058564242873641925
5 0.05661456923116355
5 0.07287635903292293
5 0.05777582734021034
5 0.05714057526291915
5 0.06141022142375678
5 0.07287635903292293
5 0.05661456923116355
5 0.04346371118092933
5 0.04346371118092933
5 0.12184894577484799
5 0.12184894577484799
5 0.16898708925281591
5 0.13817468961406396
5 0.16898708925281591
2 0.3975974611868085
2 0.31863043969165344
5 0.12184894577484799
2 0.2837720991215379
5 0.13410381729053064
5 0.024200477265229697
5 0.22315732237974759
5 0.22089856908360037
6 1.0
3 1.0
5 0.27461603943571894
5 0.1646843631210868
5 0.11664370597984626
5 0.09710161286635802
5 0.10332108896230907
5 0.10332108896230907
5 0.1845832447931533
5 0.1845832447931533
5 0.1845832447931533
5 0.14250647482956383
3 1.0
5 0.17820046881499899
5 0.21258840396914253
6 0.5093178701213349
5 0.08029060322800695
5 0.15816606000935457
6 0.2779110597794965
5 0.15816606000935457
2 1.0
5 0.21258840396914253
6 0.2127710700991688
3 0.5
3 0.5
5 0.11227120058339171
5 0.11227120058339171
5 0.08587366458443148
5 0.06074370307306241
5 0.03950863423159181
5 0.06590617023055204
5 0.06420163543276186
5 0.11227120058339171
5 0.08587366458443148
5 0.08587366458443148
5 0.08587366458443148
5 0.08933159694413093
5 0.15005798052777813
3 0.5
2 0.5
5 0.15005798052777813
5 0.11697031837000861
5 0.08291372057443522
5 0.08291372057443522
5 0.11697031837000861
5 0.15005798052777813
5 0.15005798052777813
3 0.5
2 0.5
5 0.15799069058751042
5 0.15799069058751042
5 0.15799069058751042
5 0.15799069058751042
5 0.11754733070333283
3 0.5029627645297623
5 0.09249921635911516
5 0.15799069058751042
3 0.49703723547023776
5 0.5
5 0.5
6 0.6767158216704111
6 0.3232841783295889
2 0.7036318833963361
3 1.0
2 0.296368116603664
5 0.12202653477661547
5 0.09341240874046808
5 0.09341240874046808
5 0.12202653477661547
5 0.09924336751096621
5 0.12202653477661547
5 0.09341240874046808
5 0.09341240874046808
5 0.06620663358058382
5 0.09482075961673121
2 0.673217441641741
3 1.0
2 0.326782558358259
5 1.0
6 0.5802608723380058
6 0.27342560574440755
6 0.14631352191758668
5 0.25845254113028726
5 0.19975256492860521
5 0.13954058175661543
5 0.08510179485252302
5 0.058699976201682026
5 0.25845254113028726
6 1.0
5 0.5
6 0.3067084772293597
6 0.172487440592309
6 0.1165858629363739
5 0.5
6 0.24285395672399798
6 0.10863292008694729
6 0.05273134243101219
7 0.5981367070573872
1 1.0
2 0.1950402979938008
5 0.020833581215107252
2 0.47155152168387343
5 0.05388781115858134
7 0.4018632929426128
5 0.11697566149058906
3 0.3539684797324762
3 0.23397780991482464
3 0.41205371035269917
5 0.14779237937002251
5 0.14779237937002251
5 0.11570427878849597
5 0.08265004884502189
5 0.08265004884502189
5 0.08392143154711496
5 0.14779237937002251
2 0.33340818032232566
5 0.36829985063221543
5 0.36829985063221543
6 0.5338223785099906
5 0.26340029873556914
6 0.4661776214900093
3 0.6636183203380681
5 0.22862959688936013
5 0.19507044150216865
5 0.17007563749976953
6 1.0
5 0.11589012157303706
5 0.11589012157303706
5 0.17444408096262767
3 0.3363816796619319
5 0.2725654692414922
5 0.36371726537925386
5 0.36371726537925386
2 1.0
3 1.0
2 0.7040223837074671
2 0.29597761629253283
5 0.16379511048833806
5 0.19391485473219688
6 0.18527072091422525
5 0.19391485473219688
6 0.328176338633626
5 0.19391485473219688
6 0.11741869099534506
5 0.14873523836640865
6 0.2517155584614588
5 0.10572508694866276
6 0.11741869099534506
3 0.6599783569011519
5 0.1935104736190229
2 1.0
3 0.34002164309884814
5 0.05902894642751453
5 0.03238062078464779
5 0.1528425913418481
5 0.1528425913418481
5 0.14152481106878126
5 0.14152481106878126
6 1.0
5 0.06731620792004155
5 0.05902894642751453
5 0.041860004226081084
5 0.041860004226081084
5 0.041860004226081084
5 0.026431120507901827
5 0.026431120507901827
2 0.44389234478849043
5 0.025620589978809234
2 0.5561076552115095
5 0.03262974677830118
5 0.03262974677830118
5 0.03262974677830118
5 0.01213070435552152
5 0.0132077830698913
5 0.01108642639816543
5 0.018095583197657375
3 1.0
5 0.03262974677830118
5 0.025620589978809234
6 0.6979752785050749
5 0.02049904242277966
5 0.01108642639816543
6 0.30202472149492515
5 0.018095583197657375
5 0.01542888371817925
5 0.01837768575105379
5 0.01942196370840988
5 0.03262974677830118
5 0.02972929987055956
5 0.025620589978809234
5 0.03485084742658913
5 0.041860004226081084
5 0.03485084742658913
5 0.022438040517671197
5 0.01108642639816543
5 0.03262974677830118
5 0.03566137795568172
5 0.03262974677830118
5 0.03262974677830118
5 0.0277419466505351
5 0.01942196370840988
5 0.019188216280146383
5 0.018095583197657375
5 0.018095583197657375
5 0.0132077830698913
5 0.19563765401992644
5 0.19563765401992644
5 0.19563765401992644
3 0.48334299502028966
5 0.10872469196014706
5 0.10872469196014706
5 0.19563765401992644
3 0.35766569195073794
3 0.1589913130289724
2 0.6409868877799649
2 0.359013112220035
5 0.0527431702122858
5 0.1213912406560326
5 0.08506013286682494
5 0.08506013286682494
5 0.08506013286682494
5 0.09866895737034206
5 0.06016824225706075
5 0.06016824225706075
5 0.06016824225706075
5 0.1213912406560326
3 0.42945734521798967
5 0.08506013286682494
5 0.08506013286682494
3 0.5705426547820104
3 0.5
5 0.14480450616670973
5 0.10967842247579443
5 0.11623510867391264
5 0.0503562825953931
5 0.14480450616670973
7 0.22826047423670587
7 0.22826047423670587
7 0.30136415625890184
5 0.14480450616670973
7 0.24211489526768643
3 0.5
5 0.10967842247579443
5 0.07892568008819018
5 0.0503562825953931
5 0.0503562825953931
5 0.18608504749373098
5 0.18608504749373098
5 0.1587707491306145
5 0.13842710441809836
6 1.0
5 0.0943247027960642
5 0.0943247027960642
5 0.14198264587169684
3 1.0
3 0.46427824286752717
3 0.5357217571324728
2 1.0
5 0.13574530531040915
5 0.09466975376516516
5 0.06651307438363288
5 0.06651307438363288
5 0.06651307438363288
5 0.04071149059536333
5 0.0817870421406073
5 0.09466975376516516
5 0.09466975376516516
5 0.09466975376516516
5 0.09466975376516516
5 0.0688681699768956
3 0.5
5 1.0
3 0.5
19 1.0
