1 0.04924497942093553
2 0.030408722127516656
3 0.04924497942093553
4 0.09250772823106373
5 0.09250772823106373
6 0.075464560028561
7 0.09250772823106373
8 0.06946285946574536
9 0.032201811218432796
10 0.06946285946574536
11 0.06946285946574536
12 0.09250772823106373
13 0.09250772823106373
14 0.09250772823106373
15 1.0
16 0.19701711732578378
17 0.8029828826742161
18 0.10003541693453369
19 0.13067830546335973
20 0.13067830546335973
21 0.13067830546335973
22 0.10003541693453369
23 0.10003541693453369
24 0.35172671298263064
25 0.10154362091938675
26 0.13067830546335973
27 0.07563690642357328
28 0.6482732870173694
29 0.7036318833963361
30 0.296368116603664
31 0.1037043807075218
32 0.13547114767217777
33 0.13547114767217777
34 0.10526790055901762
35 0.07350113359436167
36 0.1037043807075218
37 0.1037043807075218
38 0.44851724742021565
39 0.13547114767217777
40 0.1037043807075218
41 0.5514827525797843
42 0.7036318833963361
43 0.296368116603664
44 0.058168731289729846
45 0.04437449911768788
46 0.058168731289729846
47 0.07529499611516641
48 0.07529499611516641
49 0.07529499611516641
50 0.0633190251263056
51 0.058168731289729846
52 0.058168731289729846
53 0.05874961280710445
54 0.05874961280710445
55 0.04289646798633933
56 0.05944185129440129
57 0.0633190251263056
58 0.07529499611516641
59 0.07529499611516641
60 1.0
61 0.1916851600944663
62 0.8083148399055338
63 0.20396044966262794
64 0.20396044966262794
65 0.1614185592254538
66 0.11335004589333114
67 0.11335004589333114
68 0.20396044966262794
70 1.0
71 0.7447372201856041
72 0.25526277981439593
74 0.07333010901332082
75 0.05693161879514792
76 0.07333010901332082
77 0.0597117218646309
78 0.07333010901332082
79 0.07333010901332082
80 0.07333010901332082
81 0.0597117218646309
82 0.043916954405503056
83 0.05753534155419299
84 0.06191403634056275
85 0.07333010901332082
86 0.0597117218646309
87 0.06191403634056275
88 0.04113685133602009
89 0.05753534155419299
90 0.25064843295610645
91 0.05447458562827279
92 0.16332001824796843
93 0.24935156704389352
94 0.05447458562827279
95 0.22773081049548602
96 0.17882561604713312
97 0.05447458562827279
98 0.16332001824796843
99 0.32117438395286685
100 0.05447458562827279
101 0.22773081049548602
102 0.09833311294776793
103 0.09833311294776793
104 0.09833311294776793
105 0.08113862486701529
106 0.05424404547232587
107 0.0524235027366025
108 0.061283555556194684
109 1.0
110 0.7530165998920755
111 0.24698340010792455
112 0.0553503390403491
113 0.09833311294776793
114 0.0748251610581736
115 0.0748251610581736
116 0.0748251610581736
117 0.0777519973619202
118 0.08421214513476169
119 0.08421214513476169
120 0.17342850011792207
121 0.4222057487467309
122 0.0651371674274468
123 0.013449707685939099
124 0.03190768360858169
125 0.08421214513476169
126 0.06575416921211909
127 0.07076243744882257
128 0.06575416921211909
129 0.0516874597415077
130 0.0651371674274468
131 0.0651371674274468
132 0.08421214513476169
133 0.08421214513476169
134 0.08421214513476169
135 1.0
136 0.32657149988207784
137 0.07779425125326905
138 0.1678907677456122
139 0.1678907677456122
140 0.10588289161887132
141 0.39176593283633526
142 0.13087099056990228
143 0.2164681343273294
144 0.12978690728719497
145 0.12978690728719497
146 0.1678907677456122
147 0.39176593283633526
148 0.8096936989144712
149 0.1903063010855289
150 0.08447756091339877
151 0.08447756091339877
152 0.03127379356349577
153 0.08447756091339877
154 0.08447756091339877
155 0.08447756091339877
156 0.08447756091339877
157 0.04670488899613651
158 0.04670488899613651
159 0.06831349122750568
160 0.06587991667070606
161 0.08447756091339877
162 0.08447756091339877
163 0.06530253323882924
164 1.0
165 0.8029828826742161
166 0.19701711732578378
167 0.07154076715758227
168 0.03380067889250381
169 0.05714181990087555
170 0.09488190816595402
171 0.08015965154753715
172 0.07154076715758227
173 0.09488190816595402
174 0.09488190816595402
175 0.04060342166161191
176 0.07440410055411571
177 0.07154076715758227
178 0.07154076715758227
179 0.07154076715758227
180 0.07154076715758227
181 1.0
182 0.1943883805656545
183 0.8056116194343454
184 0.04518300591852895
185 0.029877080839824224
186 0.04518300591852895
187 0.0633903066349255
188 0.08539284594626881
189 0.0700869208675641
190 0.049713271492176615
191 0.06792057220857316
192 0.08539284594626881
193 0.055515765106444584
194 0.0633903066349255
195 0.0633903066349255
196 0.0633903066349255
197 0.08539284594626881
198 0.0633903066349255
199 0.0633903066349255
200 0.4260583643724849
201 0.5739416356275151
202 0.19449374824453922
203 0.8055062517554608
204 0.056447982130369494
205 0.026553512942658255
206 0.04003906466263994
207 0.056447982130369494
208 0.07404333288086831
209 0.056447982130369494
210 0.07404333288086831
211 0.05763441541313876
212 0.07404333288086831
213 0.07404333288086831
214 0.05763441541313876
215 0.07404333288086831
216 0.056447982130369494
217 0.07404333288086831
218 0.07404333288086831
219 0.07404333288086831
220 0.5
221 0.09641691887642229
222 0.4035830811235777
223 0.5
224 0.09641691887642229
225 0.4035830811235777
226 0.15747780206808634
227 0.3333333333333333
228 0.15747780206808634
229 0.15747780206808634
230 0.1308471925117427
231 0.1230092201163828
232 0.08675631636866553
233 0.09459428876402542
234 0.09235957603492456
235 0.3333333333333333
236 0.3333333333333333
237 0.8076801928271237
238 0.1923198071728763
239 0.05673085313261161
240 0.040353295676364684
241 0.05673085313261161
242 0.05673085313261161
243 0.0736834000133368
244 0.05730584255708986
245 0.05799105941716738
246 0.0736834000133368
247 0.0736834000133368
248 0.04161350196092046
249 0.0736834000133368
250 0.06002908776465372
251 0.0736834000133368
252 0.0736834000133368
253 0.0736834000133368
254 0.05673085313261161
255 1.0
256 0.19399417724905718
257 0.8060058227509429
258 0.06581241650539014
259 0.028342780515116833
260 0.028342780515116833
261 0.0467110499410529
262 0.07226183917502255
263 0.06581241650539014
264 0.08550878854605763
265 0.06714051912012156
266 0.08550878854605763
267 0.08550878854605763
268 0.048039152555784316
269 0.08550878854605763
270 0.0467110499410529
271 0.06581241650539014
272 0.06581241650539014
273 0.057166008030940796
274 0.5
275 0.1729155345545198
276 0.42497446344622797
277 0.5
278 0.07502553655377198
279 0.32708446544548014
280 0.127567269424304
281 0.1855978277913452
282 0.23260093932775674
283 0.1535733981920872
284 0.1690851252748268
285 0.1315754399896801
286 0.32282441841509874
287 0.32282441841509874
288 0.8028619745614538
289 0.1971380254385462
290 0.3543511631698026
291 0.07415024154346549
292 0.07415024154346549
293 0.07415024154346549
294 0.09914785386554023
295 0.09914785386554023
296 0.08066050573591034
297 0.09914785386554023
298 0.07415024154346549
299 0.08338078989376241
300 0.07415024154346549
301 0.07415024154346549
302 0.019463451969448105
303 0.07415024154346549
304 0.34204814231933905
305 1.0
306 0.2005920632452244
307 0.45735979443543645
308 0.1196418952662881
309 0.12131951411946401
310 0.15372686522261306
311 0.15372686522261306
312 0.12868877357171324
313 0.05217725958419863
314 0.0845846106873477
315 0.12868877357171324
316 0.35493301514067915
317 0.05744544275404891
318 0.6450669848593208
319 0.7151716577118948
320 0.2848283422881052
321 0.08701593293548848
322 0.06746691157411208
323 0.06746691157411208
324 0.05038278433376929
325 0.05108901745998657
326 0.08701593293548848
327 0.08701593293548848
328 0.4367275330039592
329 0.05015835753508755
330 0.08701593293548848
331 0.08701593293548848
332 0.06746691157411208
333 0.06746691157411208
334 0.056406596761777325
335 0.08701593293548848
336 0.5632724669960407
337 0.29626704983405633
338 0.7037329501659437
339 0.055016837162631844
340 0.07719816906590818
341 0.09872208468631137
342 0.05579441584220029
343 0.09872208468631137
344 0.09872208468631137
345 0.5
346 0.09538008589278739
347 0.4046199141072126
348 0.08264932446581641
349 0.09872208468631137
350 0.09872208468631137
351 0.08264932446581641
352 0.07654075278303506
353 0.07654075278303506
354 0.5
355 0.4046199141072126
356 0.09538008589278739
357 0.03461676818437363
358 0.07742835643962329
359 0.08024115455852884
360 0.09892406882524052
361 0.09892406882524052
362 0.08299021490757857
363 1.0
364 0.2888414671936231
365 0.7111585328063769
366 0.08299021490757857
367 0.07742835643962329
368 0.0552652870476088
369 0.0552652870476088
370 0.05807808516651434
371 0.09892406882524052
372 0.09892406882524052
374 0.05060249028673799
375 0.02345468310278092
376 0.02345468310278092
377 0.05161936323887142
378 0.06601901059932469
379 0.06601901059932469
380 0.05327085077582092
381 0.05327085077582092
382 0.05614316631428211
383 0.06601901059932469
384 0.05060249028673799
385 0.05060249028673799
386 0.05060249028673799
387 0.05060249028673799
388 0.06601901059932469
389 0.03804052442113311
390 0.03804052442113311
391 0.05161936323887142
392 0.05060249028673799
393 0.04339500649077831
394 1.0
395 0.2012317127183327
396 0.7987682872816673
397 0.0413443230307086
398 0.0413443230307086
399 0.0413443230307086
400 0.03058327645162501
401 0.03058327645162501
402 0.046752456118753984
403 0.0413443230307086
404 0.0413443230307086
405 0.008173069808283341
406 0.04416447934795375
407 0.0413443230307086
408 0.0413443230307086
409 0.0413443230307086
410 0.03058327645162501
411 0.046752456118753984
412 0.0413443230307086
413 0.0413443230307086
414 0.01941132338207007
415 0.05492552592703734
416 0.05492552592703734
417 0.05492552592703734
418 0.05492552592703734
419 0.05492552592703734
420 0.05492552592703734
421 1.0
422 0.30708884350323346
423 0.6929111564967665
424 0.03461676818437363
425 0.07742835643962329
426 0.08024115455852884
427 0.09892406882524052
428 0.09892406882524052
429 0.08299021490757857
430 1.0
431 0.16879877676787206
432 0.41560061161606393
433 0.08299021490757857
434 0.07742835643962329
435 0.0552652870476088
436 0.0552652870476088
437 0.05807808516651434
438 0.09892406882524052
439 0.09892406882524052
440 0.41560061161606393
441 0.20025331841567295
442 0.15458571463406193
443 0.15458571463406193
444 0.16490030168815917
445 0.15803766801475141
446 0.1676372826132926
447 0.5623424744937321
448 0.40755221640411465
449 0.09244778359588543
450 0.43765752550626785
451 0.40755221640411465
452 0.09244778359588543
454 0.03438895813741946
455 0.03438895813741946
456 0.04928569363348469
457 0.0646338986373699
458 0.05138679646355351
459 0.049737163141304684
460 0.052747511191199095
461 0.04928569363348469
462 0.04928569363348469
463 0.0646338986373699
464 0.049737163141304684
465 0.0646338986373699
466 0.0646338986373699
467 0.0646338986373699
468 0.049737163141304684
469 0.049737163141304684
470 0.009255468517432239
471 0.04928569363348469
472 0.04928569363348469
473 0.04928569363348469
474 1.0
475 0.1943106599674597
476 0.8056893400325403
477 0.03461676818437363
478 0.07742835643962329
479 0.08024115455852884
480 0.09892406882524052
481 0.09892406882524052
482 0.08299021490757857
483 1.0
484 0.2888414671936231
485 0.7111585328063769
486 0.08299021490757857
487 0.07742835643962329
488 0.0552652870476088
489 0.0552652870476088
490 0.05807808516651434
491 0.09892406882524052
492 0.09892406882524052
494 0.04942548084903864
495 0.07014752736992369
496 0.09149758881033777
497 0.055683890427902366
498 0.05361301390622721
499 0.07496307534664132
500 0.3343221839667059
501 0.21353329516387248
502 0.11429962743447362
503 0.07014752736992369
504 0.21163854323628326
505 0.07703395186831645
506 0.09149758881033777
507 0.09149758881033777
508 0.09149758881033777
509 0.09149758881033777
510 0.09149758881033777
511 0.3343221839667059
512 0.04988544106656286
513 0.14911910879596174
514 0.3313556320665883
515 0.04988544106656286
516 0.21163854323628326
517 0.05027110638523504
518 0.05027110638523504
519 0.06574514480078511
520 0.06574514480078511
521 0.0507262772997288
522 0.06574514480078511
523 0.06574514480078511
524 0.06574514480078511
525 0.035252238884178715
526 0.035252238884178715
527 0.03737056776363242
528 0.027457877302090858
529 0.05027110638523504
530 0.02533954842263715
531 0.05027110638523504
532 0.05027110638523504
533 0.038742438413188016
534 0.05027110638523504
535 0.06574514480078511
536 0.05376130591424435
537 1.0
538 0.19249617575318664
539 0.8075038242468133
540 0.05982262026659678
541 0.028523514222146693
542 0.04264270498955227
543 0.05982262026659678
544 0.08131644544201504
545 0.05982262026659678
546 0.08131644544201504
547 0.08131644544201504
548 0.05982262026659678
549 0.05982262026659678
550 0.030252780680605964
551 0.06413653016497052
552 0.08131644544201504
553 0.06892652113306873
554 0.08131644544201504
555 0.05982262026659678
556 0.4238558613538181
557 0.09547501318917401
558 0.404524986810826
559 0.5761441386461821
560 0.09547501318917401
561 0.404524986810826
562 0.08582291648288345
563 0.08838837333807818
564 0.11062324382296933
565 0.08993143294569447
566 0.08993143294569447
567 0.08582291648288345
568 0.08486900984166952
569 0.0378338120166925
570 0.0378338120166925
571 0.11062324382296933
572 0.08838837333807818
573 0.08993143294569447
574 0.20365039634848897
575 0.07294929400778132
576 0.1442257857963805
577 0.265449867883837
578 0.07294929400778132
579 0.18799234605749807
580 0.265449867883837
581 0.07294929400778132
582 0.18799234605749807
583 0.265449867883837
584 0.07294929400778132
585 0.18799234605749807
586 0.04195696841679348
587 0.059547778591481144
588 0.07767170653642248
589 0.060080896361734824
590 0.04780280927095117
591 0.059547778591481144
592 0.5
593 0.10398341912173911
594 0.44948957608559736
595 0.10398341912173911
599 0.060080896361734824
600 0.03323365083369297
601 0.059547778591481144
602 0.059547778591481144
603 0.07767170653642248
604 0.07767170653642248
605 0.07767170653642248
606 0.5
607 0.4455011056221699
608 0.10500931829223285
609 0.09341240874046809
610 0.06620663358058383
611 0.09482075961673123
612 0.12202653477661549
613 0.12202653477661549
614 0.12202653477661549
615 0.09341240874046809
616 0.09341240874046809
617 0.12202653477661549
618 0.07062924147481886
619 1.0
620 0.7036318833963361
621 0.296368116603664
622 0.09790278689641602
623 0.05851150648565621
624 0.09790278689641602
625 0.05322231330069232
626 0.058675180777024695
627 0.09790278689641602
628 0.5
629 0.05322231330069232
630 0.06396437396198859
631 0.0742967925639553
632 0.0742967925639553
633 0.0742967925639553
634 0.09790278689641602
635 0.09790278689641602
636 0.5
637 0.19251437496093338
638 0.8074856250390665
639 0.11232162088040233
640 0.11232162088040233
641 0.11232162088040233
642 0.09127002113835979
643 0.08615215723632848
644 0.06123931634941196
645 0.06123931634941196
646 0.0874087799934858
647 0.08958021336908216
648 0.11232162088040233
649 0.07382371204231054
650 1.0
651 0.803630018803447
652 0.19636998119655294
653 0.06267242007520138
654 0.02977713421527172
655 0.06502493537465585
656 0.08065060056385791
657 0.08065060056385791
658 0.06267242007520138
659 0.08065060056385791
660 0.08065060056385791
661 0.0673241428744033
662 0.08065060056385791
663 0.08065060056385791
664 0.0673241428744033
665 0.08065060056385791
666 0.08065060056385791
667 1.0
668 0.19956637683330336
669 0.8004336231666965
670 0.088537485322228
671 0.088537485322228
672 0.1152871607723318
673 0.1152871607723318
674 0.09193629169155224
675 0.018046305235370482
676 0.07175858517003277
677 0.088537485322228
678 0.1152871607723318
679 0.09724085553696131
680 0.06814684976625385
681 0.041397174316150046
682 1.0
683 0.8034580764491259
684 0.19654192355087413
685 0.09863382164205002
686 0.5143858568396151
687 0.12942855488980803
688 0.12942855488980803
689 0.10254659193712716
690 0.06929814914162839
691 0.06929814914162839
692 0.06929814914162839
693 0.5675138392312954
694 0.10254659193712716
695 0.12942855488980803
696 0.1000928823893864
697 0.43248616076870466
698 0.3919988359748496
699 0.0936153071855353
700 0.09194371284312368
701 0.09194371284312368
702 0.13107968265735612
703 0.10865472844651138
704 0.13107968265735612
705 0.06516568610446268
706 0.06516568610446268
707 0.09194371284312368
708 0.09194371284312368
709 0.13107968265735612
710 1.0
711 0.803923969838148
712 0.19607603016185204
713 0.03461676818437363
714 0.07742835643962329
715 0.08024115455852884
716 0.09892406882524052
717 0.09892406882524052
718 0.08299021490757857
719 1.0
720 0.2888414671936231
721 0.7111585328063769
722 0.08299021490757857
723 0.07742835643962329
724 0.0552652870476088
725 0.0552652870476088
726 0.05807808516651434
727 0.09892406882524052
728 0.09892406882524052
730 0.1413711845177159
731 0.3860491608371379
732 0.1413711845177159
733 0.10822091192270508
734 0.1413711845177159
735 0.1413711845177159
736 0.1413711845177159
737 0.10822091192270508
738 0.07670225356601021
739 0.22790167832572425
740 0.3860491608371379
741 0.803923969838148
742 0.19607603016185204
743 0.030216791410289493
744 0.03191634502077787
745 0.05165823360716758
746 0.08763837528951175
747 0.08763837528951175
748 0.06789648670312205
749 0.08763837528951175
750 0.06847351476446929
751 0.06847351476446929
752 0.03598014168234418
753 0.06789648670312205
754 0.03256637077803026
755 0.06847351476446929
756 0.06847351476446929
757 0.05742158387922226
758 0.08763837528951175
759 1.0
760 0.291057865469586
761 0.708942134530414
762 0.04924497942093553
763 0.030408722127516656
764 0.04924497942093553
765 0.09250772823106373
766 0.09250772823106373
767 0.075464560028561
768 0.09250772823106373
769 0.06946285946574536
770 0.032201811218432796
771 0.06946285946574536
772 0.06946285946574536
773 0.09250772823106373
774 0.09250772823106373
775 0.09250772823106373
776 1.0
777 0.19701711732578378
778 0.8029828826742161
779 0.19234554258369443
780 0.19234554258369443
781 0.15801146743875424
782 0.14964298997755132
783 0.14964298997755132
784 0.15801146743875424
785 0.5
786 0.4069992971860256
787 0.09300070281397439
788 0.5
789 0.4069992971860256
790 0.09300070281397439
791 0.05517612204015306
792 0.05517612204015306
793 0.04452872216154187
794 0.04230406422689949
795 0.056272438733147766
796 0.07179706621132118
797 0.07179706621132118
798 0.040140401863032873
799 0.055665029341206276
800 0.0166209441711681
801 0.03965149456197966
802 0.05517612204015306
803 0.07179706621132118
804 0.055665029341206276
805 0.03904408517003818
806 0.05517612204015306
807 1.0
808 0.2911736807939206
809 0.7088263192060794
810 0.07179706621132118
811 0.05517612204015306
812 0.023519457691864767
813 0.023519457691864767
814 0.08226802528012103
815 0.054999429576994836
816 0.0462184798088461
817 0.027268595703126196
818 0.08226802528012103
819 0.06331814117440113
820 0.044940711975374005
821 0.044940711975374005
822 0.05185101594750906
823 0.06459590900787322
824 0.08226802528012103
825 0.06389059608109392
826 0.08226802528012103
827 0.08226802528012103
828 0.5
829 0.09328981644419719
830 0.40671018355580285
831 0.06331814117440113
832 0.06331814117440113
833 0.5
834 0.09328981644419719
835 0.40671018355580285
836 0.06267242007520137
837 0.06267242007520137
838 0.0806506005638579
839 0.0806506005638579
840 0.0633809798931303
841 0.05169847768520124
842 0.0806506005638579
843 0.0806506005638579
844 0.0806506005638579
845 0.0806506005638579
846 0.0806506005638579
847 0.0806506005638579
848 0.05169847768520124
849 0.06267242007520137
850 1.0
851 0.19956637683330336
852 0.8004336231666965
853 0.10009064107465654
854 0.0785444160493213
855 0.10009064107465654
856 0.08121588493715409
857 0.07763800530275579
858 0.10009064107465654
859 0.26421944012939674
860 0.07932876525365531
861 0.33301321672648454
862 0.20734167961180971
863 0.10009064107465654
864 0.07763800530275579
865 0.08373015879986491
866 0.07923409920953003
867 0.07923409920953003
868 0.042402766890461734
869 0.26421944012939674
870 0.26421944012939674
871 0.16698678327351546
872 0.4206712347463447
873 0.10423828442878288
874 0.10577945242594473
875 0.10577945242594473
876 0.10577945242594473
877 0.044359354016374974
878 0.07556691038882145
879 0.10423828442878288
880 0.11303351623222953
881 0.4321200444375309
882 0.32384105785985007
883 0.07441722985534771
884 0.1369870087983912
885 0.10423828442878288
886 0.5678799555624692
887 0.4255827701446523
888 0.17615894214014996
889 0.049127115622181805
890 0.049127115622181805
891 0.049692097130904285
892 0.063376377669534
893 0.063376377669534
894 0.049127115622181805
895 0.04942104532441428
896 0.063376377669534
897 0.063376377669534
898 0.03962338342751145
899 0.049127115622181805
900 0.049127115622181805
901 0.04188887493110162
902 0.02404692394425501
903 0.03573676478578456
904 0.049692097130904285
905 0.063376377669534
906 0.049127115622181805
907 0.049127115622181805
908 0.049127115622181805
909 0.5
910 0.17277480738595305
911 0.42213647447948477
912 0.5
913 0.07786352552051533
914 0.327225192614047
915 0.04915601244638441
916 0.04915601244638441
917 0.04915601244638441
918 0.035463682742969516
919 0.04915601244638441
920 0.05171693911703454
921 0.05171693911703454
922 0.04915601244638441
923 0.06341365598357544
924 0.03964669010714684
925 0.06341365598357544
926 0.06341365598357544
927 0.03991790134771521
928 0.04915601244638441
929 0.035757785336177274
930 0.049721326280160544
931 0.04915601244638441
932 0.04915601244638441
933 0.04915601244638441
934 0.06341365598357544
935 0.43813984409081563
936 0.15751634338582587
937 0.3001114718251734
938 0.5618601559091845
939 0.15751634338582587
940 0.3848558414031749
941 0.09199262192637112
942 0.07106838942242723
943 0.07106838942242723
944 0.07106838942242723
945 0.07177808882569335
946 0.09199262192637112
947 0.5
948 0.07741806971080567
949 0.32646332451216126
950 0.05240930692669409
951 0.09199262192637112
952 0.09199262192637112
953 0.07106838942242723
954 0.07106838942242723
955 0.06050754750362091
956 0.09199262192637112
957 0.5
958 0.17353667548783874
959 0.4225819302891943
960 0.09167005823907479
961 0.07166641121666588
962 0.07079293819211657
963 0.05338724648650288
964 0.07079293819211657
965 0.09167005823907479
966 1.0
967 0.06878109999922506
968 0.2857712941735198
969 0.2832001554347468
970 0.09167005823907479
971 0.09167005823907479
972 0.09167005823907479
973 0.09167005823907479
974 0.09167005823907479
975 0.09167005823907479
976 0.3622474503925083
979 0.13087812896808987
980 0.13087812896808987
981 0.13087812896808987
982 0.09203395190117698
983 0.09203395190117698
984 0.06542025732335491
985 0.06542025732335491
986 0.06542025732335491
987 0.06773993916600499
988 0.0695451137774
989 0.08975188437990698
990 1.0
991 0.803630018803447
992 0.19636998119655294
993 0.05853955938581387
994 0.06222590136489389
995 0.08790709093464948
996 0.10478496921028962
997 0.08130881652645258
998 0.036667688980397184
999 0.3333333333333333
1000 0.10478496921028962
1001 0.10478496921028962
1002 0.10478496921028962
1003 0.10478496921028962
1004 0.10478496921028962
1005 0.04464112754605541
1006 0.3333333333333333
1007 0.3333333333333333
1008 0.1943883805656545
1009 0.8056116194343454
1010 0.054611725490651145
1011 0.05615644834076467
1012 0.08271830729038204
1013 0.09856625682435752
1014 0.05546091062757673
1015 0.09856625682435752
1016 0.09856625682435752
1017 0.09856625682435752
1018 0.09856625682435752
1019 0.09856625682435752
1020 0.0769367600140983
1021 0.08271830729038204
1022 0.27889007711757413
1023 0.06361908234194322
1024 0.2697142509913901
1025 0.36055496144121296
1026 0.06361908234194322
1027 0.2697142509913901
1028 0.36055496144121296
1029 0.06361908234194322
1030 0.2697142509913901
1031 0.045355729428322375
1032 0.045355729428322375
1033 0.045355729428322375
1034 0.04787947197254592
1035 0.045355729428322375
1036 0.045355729428322375
1037 0.045355729428322375
1038 0.05883719536008326
1039 0.05883719536008326
1040 0.036460510143234
1041 0.045355729428322375
1042 0.045355729428322375
1043 0.049641596069576445
1044 1.0
1045 0.14022283791013987
1046 0.33758560483630223
1047 0.05883719536008326
1048 0.05883719536008326
1049 0.05883719536008326
1050 0.05883719536008326
1051 0.045656109433740814
1052 0.045656109433740814
1053 0.05883719536008326
1054 0.2619575121372677
1055 0.2602340451162901
1056 0.045874235110716484
1057 0.033340250738168424
1058 0.033340250738168424
1059 0.06039621577797509
1060 0.05109341482988089
1061 0.06039621577797509
1062 0.04914969615870086
1063 0.06039621577797509
1064 0.06039621577797509
1065 0.06039621577797509
1066 0.045874235110716484
1067 0.038302484659080885
1068 0.045874235110716484
1069 0.06039621577797509
1070 0.045874235110716484
1071 0.045874235110716484
1072 0.06039621577797509
1073 0.047605285607175085
1074 0.04914969615870086
1075 0.045874235110716484
1076 1.0
1077 0.19689024895480495
1078 0.8031097510451951
1079 0.09237759383123482
1080 0.06330432135672279
1081 0.09380383435358737
1082 0.09380383435358737
1083 0.12287710682809941
1084 0.12287710682809941
1085 0.10189766743574716
1086 0.09380383435358737
1087 0.12287710682809941
1088 0.09237759383123482
1089 0.33162664473279885
1090 0.06745847577614608
1091 0.2970361390111634
1092 0.22725640296466051
1093 0.06745847577614608
1094 0.20355229464923505
1095 0.4411169523025407
1096 0.06745847577614608
1097 0.2970361390111634
1098 0.03461676818437363
1099 0.07742835643962329
1100 0.08024115455852884
1101 0.09892406882524052
1102 0.09892406882524052
1103 0.08299021490757857
1104 1.0
1105 0.2888414671936231
1106 0.7111585328063769
1107 0.08299021490757857
1108 0.07742835643962329
1109 0.0552652870476088
1110 0.0552652870476088
1111 0.05807808516651434
1112 0.09892406882524052
1113 0.09892406882524052
1115 0.18396572150723786
1116 0.17847645254122105
1117 0.16687653524854038
1118 0.16687653524854038
1119 0.11983903394722255
1120 0.18396572150723786
1121 0.5747181955528845
1122 0.5249388185275511
1123 0.12126543776456854
1124 0.3537957437078805
1125 0.42528180444711555
1126 0.06278272724206554
1127 0.03987166887535893
1128 0.09648301456090222
1129 0.17337798484001415
1130 0.08943665873431711
1131 0.08843307509197182
1132 0.08843307509197182
1133 0.11508700658422337
1134 0.17337798484001415
1135 0.23161941821330154
1136 0.17228529186460104
1137 0.09648301456090222
1138 0.11508700658422337
1139 0.08843307509197182
1140 0.04425433987322743
1141 0.07521533770886445
1142 0.17337798484001415
1143 0.2980476449610487
1144 0.06655503789996463
1145 0.17337798484001415
1146 0.2980476449610487
1147 0.06655503789996463
1148 0.17337798484001415
1149 0.07408364206346398
1150 0.055906239173926425
1151 0.07338848098218374
1152 0.04075277678511586
1153 0.09487979990187918
1154 0.09487979990187918
1155 0.43845959339926094
1156 0.06304077722938503
1157 0.18964735550769957
1158 0.09487979990187918
1159 0.2646380785452588
1160 0.09487979990187918
1161 0.09487979990187918
1162 0.053431862035483085
1163 0.053431862035483085
1164 0.0797263375130686
1165 0.09487979990187918
1166 0.5615404066007392
1167 0.1405382437008914
1168 0.34213554501676513
1169 0.09241699045502777
1170 0.09241699045502777
1171 0.12145179819448365
1172 0.12145179819448365
1173 0.09603194295124069
1174 0.03932871707537936
1175 0.0937833800580782
1176 0.10021478622731163
1177 0.12145179819448365
1178 0.12145179819448365
1179 0.4963308622875317
1180 0.4629191633731586
1181 0.10637675782326002
1182 0.5036691377124684
1183 0.32432732098032147
1184 0.10637675782326002
1185 0.06153647379034426
1186 0.08495468041228627
1187 0.11125050171770076
1188 0.11125050171770076
1189 0.11125050171770076
1190 0.03737766688673208
1191 0.5
1192 0.718430333476844
1193 0.28156966652315596
1194 0.09405630426520119
1195 0.08783229509575875
1196 0.11125050171770076
1197 0.11125050171770076
1198 0.040612404074441555
1199 0.03737766688673208
1200 0.5
1201 0.04430167100366053
1202 0.02957532923551558
1203 0.04430167100366053
1204 0.07992295127666806
1205 0.07992295127666806
1206 0.06311229310312994
1207 0.06715828021469059
1208 0.06181952318484581
1209 0.06181952318484581
1210 0.050347622041152465
1211 0.07992295127666806
1212 0.04559444092194465
1213 0.07992295127666806
1214 0.05243193844654564
1215 0.07992295127666806
1216 0.07992295127666806
1217 0.44678458982287217
1218 1.0
1219 0.10643082035425572
1220 0.44678458982287217
1221 0.03619049617748551
1222 0.03619049617748551
1223 0.05160909891284489
1224 0.07012525306854347
1225 0.056414074141674486
1226 0.054706650333184094
1227 0.05782245786623357
1228 0.05160909891284489
1229 0.05160909891284489
1230 0.07012525306854347
1231 0.054706650333184094
1232 0.05994873102023685
1233 0.05160909891284489
1234 0.05160909891284489
1235 0.026013974129178878
1236 0.054706650333184094
1237 0.01017652204830663
1238 0.05160909891284489
1239 0.05160909891284489
1240 0.05160909891284489
1241 1.0
1242 0.19249617575318664
1243 0.8075038242468133
1244 0.07254748653948241
1245 0.03697592564987541
1246 0.07254748653948241
1247 0.09755838748773207
1248 0.09755838748773207
1249 0.09755838748773207
1250 0.5
1251 0.09584258004723314
1252 0.4041574199527669
1253 0.07254748653948241
1254 0.07254748653948241
1255 0.07692314332444518
1256 0.09755838748773207
1257 0.09755838748773207
1258 0.035571560889606994
1259 0.07254748653948241
1260 0.5
1261 0.09584258004723314
1262 0.4041574199527669
1263 0.15728732319317587
1264 0.1254418504777369
1265 0.15728732319317587
1266 0.15728732319317587
1267 0.09292194302920388
1268 0.10337755068262915
1269 0.5
1270 0.33838873197050673
1271 0.08268654403068793
1272 0.12064144100491692
1273 0.33838873197050673
1274 0.0857552452259857
1275 0.2405359920282986
1276 0.5
1277 0.04888689393275426
1278 0.04888689393275426
1279 0.03857721687233436
1280 0.03715841051935442
1281 0.04888689393275426
1282 0.05287358205310195
1283 0.049181795264951346
1284 0.051454775700122
1285 0.06318325911352184
1286 0.03887211820453146
1287 0.04888689393275426
1288 0.04888689393275426
1289 0.05287358205310195
1290 0.049181795264951346
1291 0.049181795264951346
1292 0.06318325911352184
1293 0.06318325911352184
1294 0.04888689393275426
1295 0.04888689393275426
1296 0.04888689393275426
1297 0.5
1298 0.14586593787777546
1299 0.3541340621222245
1300 0.5
1301 0.14586593787777546
1302 0.3541340621222245
1303 0.0803113298798148
1304 0.0803113298798148
1305 0.10554288103593215
1306 0.08708769584369093
1307 0.10554288103593215
1308 0.05626718555889767
1309 0.05626718555889767
1310 0.05626718555889767
1311 0.04368673634835855
1312 0.058221210196349606
1313 0.10554288103593215
1314 0.10554288103593215
1315 0.059408617031549794
1316 1.0
1317 0.8131432988318251
1318 0.18685670116817488
1319 0.07896384219889364
1320 0.056226735918837804
1321 0.10493438778524115
1322 0.10493438778524115
1323 0.10493438778524115
1324 0.07896384219889364
1325 0.07896384219889364
1326 0.056226735918837804
1327 0.05996813220968107
1328 0.08875203670981224
1329 0.10493438778524115
1330 0.08219728150518532
1331 0.5
1332 0.5
1333 0.8060861900150771
1334 0.1939138099849229
1335 0.04903828347697356
1336 0.03864306142830152
1337 0.05249928645324279
1338 0.04903828347697356
1339 0.03579429840665943
1340 0.04903828347697356
1341 0.06438287697828687
1342 0.037623406075029446
1343 0.05398765492961483
1344 0.04903828347697356
1345 0.04903828347697356
1346 0.04903828347697356
1347 0.06438287697828687
1348 0.06438287697828687
1349 0.06438287697828687
1350 0.05398765492961483
1351 0.04903828347697356
1352 0.04903828347697356
1353 0.028588578571627443
1354 0.04903828347697356
1355 1.0
1356 0.29721502761524676
1357 0.7027849723847532
1358 0.09588666241440928
1359 0.09588666241440928
1360 0.07999636781869068
1361 0.07729019129323282
1362 0.07729019129323282
1363 0.09588666241440928
1364 0.09588666241440928
1365 0.07460709652967269
1366 0.056779376644761
1367 0.07999636781869068
1368 0.09588666241440928
1369 0.07460709652967269
1370 0.5
1371 0.09976265710579278
1372 0.4002373428942072
1373 0.5
1374 0.09976265710579278
1375 0.4002373428942072
1376 0.1379749873462364
1377 0.08464894754404756
1378 0.152739088616699
1379 0.19011803494101012
1380 0.24927395298603405
1381 0.1852449885659728
1382 1.0
1383 0.8171908040415634
1384 0.18280919595843664
1386 0.08978779214461266
1387 0.0691549582155637
1388 0.10041957121071243
1389 0.1179965800464181
1390 0.09111530892549023
1391 0.0629065210236848
1392 0.0629065210236848
1393 0.038209842764754635
1394 0.0650911138856825
1395 0.1179965800464181
1396 0.1179965800464181
1397 0.06641863066656005
1398 0.5
1399 0.8131432988318251
1400 0.18685670116817488
1401 0.5
1402 0.09496888588613332
1403 0.09496888588613332
1404 0.09496888588613332
1405 0.07146473407997626
1406 0.07146473407997626
1407 0.07146473407997626
1408 0.07777717731121235
1409 0.07146473407997626
1410 0.05088694545161194
1411 0.09496888588613332
1412 0.08032335466335616
1413 0.07439109725776899
1414 0.05088694545161194
1415 1.0
1416 0.8060861900150771
1417 0.1939138099849229
1418 0.05853955938581387
1419 0.06222590136489389
1420 0.08790709093464948
1421 0.10478496921028962
1422 0.08130881652645258
1423 0.036667688980397184
1424 0.33652288721837326
1425 0.10478496921028962
1426 0.10478496921028962
1427 0.10478496921028962
1428 0.10478496921028962
1429 0.10478496921028962
1430 0.04464112754605541
1431 0.33652288721837326
1432 1.0
1433 0.06355610242633858
1434 0.26339812313691496
1435 0.06215214267928605
1436 0.04420952007533077
1437 0.06215214267928605
1438 0.04719300287781121
1439 0.06215214267928605
1440 0.06595683516151535
1441 0.08389945776547063
1442 0.08389945776547063
1443 0.06215214267928605
1444 0.06215214267928605
1445 0.06215214267928605
1446 0.04876490981843571
1447 0.08389945776547063
1448 0.06215214267928605
1449 0.044960217336206434
1450 0.06215214267928605
1451 1.0
1452 0.3043503761978023
1453 0.6956496238021976
1454 0.07310545086597545
1455 0.16836078775765292
1456 0.22847610350346537
1457 0.22847610350346537
1458 0.22847610350346537
1459 0.07310545086597545
1460 0.5757431038666421
1461 0.48116320009643676
1462 0.18099212786059352
1463 0.42425689613335793
1464 0.2557074279014293
1465 0.08213724414154044
1466 0.06627437234361541
1467 0.012907438540844994
1468 0.028462924772481434
1469 0.04701713715039576
1470 0.0860893613424299
1471 0.06627437234361541
1472 0.0860893613424299
1473 0.06753514896451557
1474 0.0860893613424299
1475 0.0731819228015849
1476 0.06683212614921025
1477 0.07053387511079345
1478 0.03537047523045093
1479 0.07053387511079345
1480 0.07053387511079345
1481 0.06627437234361541
1482 0.14185950490928353
1483 0.07490189925082043
1484 0.13705306873379597
1485 0.4290702475453583
1486 0.07490189925082043
1487 0.3191206167568714
1488 0.4290702475453583
1489 0.07490189925082043
1490 0.3191206167568714
1491 0.07896384219889364
1492 0.07896384219889364
1493 0.10493438778524115
1494 0.10493438778524115
1495 0.5
1496 0.07896384219889364
1497 0.10493438778524115
1498 0.10493438778524115
1499 0.08219728150518532
1500 0.07896384219889364
1501 0.06278149112346473
1502 0.08219728150518532
1503 0.03723102592962524
1504 0.5
1505 0.8060861900150771
1506 0.1939138099849229
1507 0.11907455047037671
1508 0.15120488344507435
1509 0.12478949707472102
1510 0.15120488344507435
1511 0.15120488344507435
1512 0.12478949707472102
1513 0.08886590252247895
1514 0.08886590252247895
1515 1.0
1516 0.8028619745614538
1517 0.1971380254385462
1518 0.04770039028558504
1519 0.022597903600952627
1520 0.0354179098308856
1521 0.053038670159411404
1522 0.06255375830421567
1523 0.06255375830421567
1524 0.06255375830421567
1525 0.06255375830421567
1526 0.06255375830421567
1527 0.06255375830421567
1528 0.04770039028558504
1529 0.0354179098308856
1530 0.04770039028558504
1531 0.06255375830421567
1532 0.06255375830421567
1533 0.024368456163434908
1534 0.04947094284806732
1535 0.04770039028558504
1536 0.04770039028558504
1537 0.04075618970471197
1538 1.0
1539 0.20476646587790817
1540 0.7952335341220919
1541 0.04655023674883943
1542 0.04655023674883943
1543 0.061286212978011255
1544 0.061286212978011255
1545 0.04830679596426534
1546 0.04987396491296648
1547 0.061286212978011255
1548 0.061286212978011255
1549 0.04655023674883943
1550 0.04655023674883943
1551 0.0338315518805207
1552 0.03912764130796249
1553 0.061286212978011255
1554 0.04655023674883943
1555 0.04655023674883943
1556 0.04655023674883943
1557 0.03689454789922058
1558 0.04655023674883943
1559 0.051846326176281224
1560 0.061286212978011255
1561 1.0
1562 0.19689024895480495
1563 0.8031097510451951
1564 0.08589424779242848
1565 0.08589424779242848
1566 0.11287979404641457
1567 0.11287979404641457
1568 0.08716419833472105
1569 0.06017865208073496
1570 0.08589424779242848
1571 0.11287979404641457
1572 0.09606499198566032
1573 0.06353846312780285
1574 0.03655291687381677
1575 0.06017865208073496
1576 0.3968976084508884
1577 1.0
1578 0.49040866819760764
1579 0.11269372335150393
1580 0.1477630829866259
1581 0.1477630829866259
1582 0.2907098341068818
1583 0.12138706861809266
1584 0.11589158500428866
1585 0.1477630829866259
1586 0.12138706861809266
1587 0.11495826339099269
1588 0.08308676540865546
1589 1.0
1590 0.5773611980389173
1591 0.13192896785420094
1592 0.16142209176575012
1593 0.3333333333333333
1594 0.12543309033703143
1595 0.12357006157199527
1596 0.08758106014327662
1597 0.12357006157199527
1598 0.12357006157199527
1599 0.13128351146596073
1600 0.3333333333333333
1601 0.7036318833963361
1602 0.296368116603664
1603 0.12357006157199527
1604 0.3333333333333333
1605 0.04772860600568457
1606 0.022986824417327367
1607 0.03468796128746879
1608 0.06533924249289427
1609 0.06533924249289427
1610 0.04772860600568457
1611 0.06533924249289427
1612 0.06533924249289427
1613 0.04772860600568457
1614 0.04772860600568457
1615 0.034420628987758835
1616 0.05203126547496854
1617 0.053638105622752855
1618 0.06533924249289427
1619 0.055660395093492646
1620 0.04772860600568457
1621 0.04772860600568457
1622 0.038049758606282943
1623 0.04772860600568457
1624 0.04772860600568457
1625 1.0
1626 0.19689024895480495
1627 0.8031097510451951
1628 0.022644468929266075
1629 0.022644468929266075
1630 0.025269951767783225
1631 0.06499835724145185
1632 0.06499835724145185
1633 0.06499835724145185
1634 0.049152218864032905
1635 0.06499835724145185
1636 0.052558562933754084
1637 0.04111609014520217
1638 0.049152218864032905
1639 0.049152218864032905
1640 0.052558562933754084
1641 0.06499835724145185
1642 0.049152218864032905
1643 0.049152218864032905
1644 1.0
1645 0.14763881482686228
1646 0.33925981991289456
1647 0.06499835724145185
1648 0.049152218864032905
1649 0.049152218864032905
1650 0.049152218864032905
1651 0.25655068263012165
1652 0.25655068263012165
1653 0.06324964151151978
1654 0.028752050675864088
1655 0.046369389997916566
1656 0.047867987114811265
1657 0.08148549698438942
1658 0.08148549698438942
1659 0.06548532643686375
1660 0.08148549698438942
1661 0.08148549698438942
1662 0.03511610698647286
1663 0.06324964151151978
1664 0.06324964151151978
1665 0.05273344630852534
1666 0.08148549698438942
1667 1.0
1668 0.29584838784898965
1669 0.7041516121510103
1670 0.06324964151151978
1671 0.06324964151151978
1672 0.04564028665825037
1673 0.04564028665825037
1674 0.04564028665825037
1675 0.06026210263103485
1676 0.06026210263103485
1677 0.04564028665825037
1678 0.06026210263103485
1679 0.06026210263103485
1680 0.04564028665825037
1681 0.04564028665825037
1682 0.02014126910245637
1683 0.03476308507524084
1684 0.048938265754010495
1685 0.06026210263103485
1686 0.06026210263103485
1687 0.06026210263103485
1688 0.048938265754010495
1689 0.06026210263103485
1690 0.04564028665825037
1691 0.04564028665825037
1692 1.0
1693 0.19878892492767186
1694 0.8012110750723281
1695 0.06166476987309287
1696 0.06166476987309287
1697 0.06166476987309287
1698 0.029139240934006067
1699 0.06300574219166863
1700 0.07970379759022862
1701 0.07970379759022862
1702 0.06166476987309287
1703 0.06166476987309287
1704 0.02841010884440594
1705 0.0622766101020685
1706 0.046449136561541704
1707 0.07970379759022862
1708 0.07970379759022862
1709 0.07970379759022862
1710 0.06387632404970184
1711 1.0
1712 0.29819857481418793
1713 0.7018014251858121
1714 0.08750805181818211
1715 0.06299224912341236
1716 0.09815955503079633
1717 0.11722237494485598
1718 0.11722237494485598
1719 0.09815955503079633
1720 0.11722237494485598
1721 0.11722237494485598
1722 0.11722237494485598
1723 0.06706871427253305
1724 0.2994405536294273
1725 0.0631151207580676
1726 0.27021821257526574
1727 0.2994405536294273
1728 0.0631151207580676
1729 0.27021821257526574
1730 0.40111889274114537
1731 0.0631151207580676
1732 0.27021821257526574
1733 0.04651969428159566
1734 0.04651969428159566
1735 0.028967535542495485
1736 0.06859837696144859
1737 0.08442964180501736
1738 0.08442964180501736
1739 0.05169473008908903
1740 0.051046218222348415
1741 0.06859837696144859
1742 0.05169473008908903
1743 0.06611833529859724
1744 0.06611833529859724
1745 0.06859837696144859
1746 0.08442964180501736
1747 0.06611833529859724
1748 0.06611833529859724
1749 0.3612886261938312
1750 0.11400032524834586
1751 0.2819063194657849
1752 0.2774227476123376
1753 0.05285979555433016
1754 0.1553269150174083
1755 0.3612886261938312
1756 0.11400032524834586
1757 0.2819063194657849
1758 0.06488432797504473
1759 0.5087796773064037
1760 0.06960960978245367
1761 0.08354212791723836
1762 0.08354212791723836
1763 0.06555836460009778
1764 0.08354212791723836
1765 0.08354212791723836
1766 0.033758299806333
1767 0.06488432797504473
1768 0.06555836460009778
1769 0.06488432797504473
1770 0.08354212791723836
1771 0.06960960978245367
1772 0.08354212791723836
1773 1.0
1774 0.39515186256794343
1775 0.09606846012565291
1776 0.10303737845196978
1777 0.13459982902157605
1778 0.13459982902157605
1779 0.13459982902157605
1780 0.43359110110499033
1781 0.10303737845196978
1782 0.07302839154085733
1783 0.1045908421104636
1784 0.13459982902157605
1785 0.07790669335843532
1786 0.5664088988950097
1787 0.7036318833963361
1788 0.296368116603664
1789 0.08031662196231389
1790 0.10539249256648034
1791 0.10539249256648034
1792 0.10539249256648034
1793 0.08031662196231389
1794 0.05642885122605227
1795 0.08150472183021872
1796 0.08150472183021872
1797 0.058426884546371245
1798 0.03453911381010962
1799 0.10539249256648034
1800 0.10539249256648034
1801 1.0
1802 0.8072228568626825
1803 0.19277714313731747
1804 0.03716156019511059
1805 0.09074022988840487
1806 0.11475935766626306
1807 0.11475935766626306
1808 0.08732447456302762
1809 0.0
1810 0.4321200444375309
1811 0.08861557107620423
1812 0.06118068797296879
1813 0.08732447456302762
1814 0.11475935766626306
1815 0.11475935766626306
1816 0.08861557107620423
1817 0.5678799555624692
1818 0.8131432988318251
1819 0.18685670116817488
1820 0.04655023674883944
1821 0.04655023674883944
1822 0.04655023674883944
1823 0.0338315518805207
1824 0.0338315518805207
1825 0.04987396491296649
1826 0.06128621297801126
1827 0.06128621297801126
1828 0.06128621297801126
1829 0.04830679596426535
1830 0.06128621297801126
1831 0.05184632617628123
1832 0.06128621297801126
1833 0.06128621297801126
1834 0.03689454789922059
1835 0.05184632617628123
1836 0.04655023674883944
1837 0.04655023674883944
1838 0.04655023674883944
1839 0.04655023674883944
1840 1.0
1841 0.19689024895480495
1842 0.8031097510451951
1843 0.09906308394886269
1844 0.08343582587220813
1845 0.07588634399639052
1846 0.09906308394886269
1847 0.07825208384243268
1848 0.056581862076159985
1849 0.05421612223011782
1850 0.1087796487461803
1851 0.07588634399639052
1852 0.08128521990182948
1853 0.08128521990182948
1854 0.07739286218258999
1855 0.08343582587220813
1856 0.05421612223011782
1857 0.21595100585976185
1858 0.07914894577422953
1859 0.1522589500134604
1860 0.22023812921454192
1861 0.03566964450694942
1862 0.1552816398035737
1863 0.2819054324628481
1864 0.07914894577422953
1865 0.1987609410708538
1866 0.2819054324628481
1867 0.03566964450694942
1868 0.1552816398035737
1869 0.06110240132328121
1870 0.043722571498538004
1871 0.06110240132328121
1872 0.06110240132328121
1873 0.06110240132328121
1874 0.06478775487143242
1875 0.04813507574990045
1876 0.0821675846961756
1877 0.0821675846961756
1878 0.03844501319763761
1879 0.0821675846961756
1880 0.0821675846961756
1881 0.04852243663482076
1882 0.06110240132328121
1883 0.06110240132328121
1884 0.06110240132328121
1885 1.0
1886 0.1916851600944663
1887 0.8083148399055338
1888 0.04655023674883944
1889 0.04655023674883944
1890 0.04655023674883944
1891 0.04655023674883944
1892 0.06128621297801126
1893 0.04987396491296649
1894 0.06128621297801126
1895 0.06128621297801126
1896 0.06128621297801126
1897 0.04830679596426535
1898 0.06128621297801126
1899 0.05184632617628123
1900 0.06128621297801126
1901 0.06128621297801126
1902 0.024175863030901853
1903 0.02439166507879067
1904 0.04655023674883944
1905 0.04655023674883944
1906 0.04655023674883944
1907 0.04655023674883944
1908 1.0
1909 0.19689024895480495
1910 0.8031097510451951
1911 0.03760161712339348
1912 0.06609753116866797
1913 0.09325763031093728
1914 0.11825785824895096
1915 0.11825785824895096
1916 0.06609753116866797
1917 0.07002319100636017
1918 0.06260184506140716
1919 0.06260184506140716
1920 0.3333333333333333
1921 0.09718329014862949
1922 0.11825785824895096
1923 0.3333333333333333
1924 0.08976194420367649
1925 0.3333333333333333
1926 0.19014102539169572
1927 0.8098589746083042
1928 0.06020215814382488
1929 0.06020215814382488
1930 0.06020215814382488
1931 0.0436086339517615
1932 0.0780717542595674
1933 0.06078017049403371
1934 0.06147823006750403
1935 0.0780717542595674
1936 0.0780717542595674
1937 0.04418664630197033
1938 0.06078017049403371
1939 0.03446312030780591
1940 0.0635356245097543
1941 0.0780717542595674
1942 0.0780717542595674
1943 0.06020215814382488
1944 0.4461387220189804
1945 1.0
1946 0.1077225559620392
1947 0.4461387220189804
1948 0.0619734396169713
1949 0.012491849530609046
1950 0.043336241876458126
1951 0.06074925739887358
1952 0.07938645513938676
1953 0.07938645513938676
1954 0.07938645513938676
1955 0.04528233063090891
1956 0.0668946056087777
1957 0.07938645513938676
1958 0.07938645513938676
1959 0.06074925739887358
1960 0.0619734396169713
1961 0.0619734396169713
1962 0.07938645513938676
1963 0.04825740786826454
1964 0.21441998748860894
1965 0.05065688961489883
1966 0.15510741679189985
1967 0.39279000625569555
1968 0.11298088771188974
1969 0.2841369590847109
1970 0.39279000625569555
1971 0.11298088771188974
1972 0.2841369590847109
1973 0.045671700617328365
1974 0.045671700617328365
1975 0.0647128213963519
1976 0.0863571129869548
1977 0.0863571129869548
1978 0.06731599220793129
1979 0.0734313093470545
1980 0.0647128213963519
1981 0.0647128213963519
1982 0.0494583691403894
1983 0.0494583691403894
1984 0.0494583691403894
1985 0.0647128213963519
1986 0.0647128213963519
1987 0.0647128213963519
1988 0.05854303543716832
1989 1.0
1990 0.1870360433183565
1991 0.8129639566816436
1992 0.052426600667297665
1993 0.052426600667297665
1994 0.052426600667297665
1995 0.052426600667297665
1996 0.0408061623902302
1997 0.0294971435363708
1998 0.042625275317099136
1999 0.0408061623902302
2000 0.052426600667297665
2001 0.052426600667297665
2002 0.032811054593519
2003 0.052426600667297665
2004 0.052426600667297665
2005 0.0441200734473784
2006 0.052426600667297665
2007 0.0408061623902302
2008 0.0294168714239772
2009 0.0408061623902302
2010 0.052426600667297665
2011 0.0408061623902302
2012 0.0408061623902302
2013 0.052426600667297665
2014 0.5
2015 0.1450388497558297
2016 0.3549611502441703
2017 0.5
2018 0.1450388497558297
2019 0.3549611502441703
2020 0.05904116546941164
2021 0.1044602266220558
2022 0.1044602266220558
2023 0.08139843807748051
2024 0.1044602266220558
2025 0.05815412906262262
2026 0.2652001183026596
2027 0.22201953697234375
2028 0.08822375631343404
2029 0.08210295401398693
2030 0.03509234051804734
2031 0.057449613126116204
2032 0.1044602266220558
2033 0.1044602266220558
2034 0.1044602266220558
2035 0.20439964509202135
2036 0.08822375631343404
2037 0.17111875685082178
2038 0.2652001183026596
2039 0.04070565805803678
2040 0.17450143871694648
2041 0.2652001183026596
2042 0.04070565805803678
2043 0.17450143871694648
2044 0.17164322307388372
2045 0.17164322307388372
2046 0.14165727320212324
2047 0.10087789218705123
2048 0.10087789218705123
2049 0.14165727320212324
2050 0.17164322307388372
2051 0.4453263676808925
2052 1.0
2053 0.4453263676808925
2054 0.10934726463821504
2055 0.08031662196231387
2056 0.10539249256648033
2057 0.10539249256648033
2058 0.10539249256648033
2059 0.10539249256648033
2060 0.10539249256648033
2061 0.08350275515053768
2062 0.08350275515053768
2063 0.056428851226052255
2064 0.056428851226052255
2065 0.056428851226052255
2066 0.056428851226052255
2067 1.0
2068 0.8072228568626825
2069 0.19277714313731747
2070 0.20025331841567295
2071 0.15458571463406193
2072 0.15458571463406193
2073 0.16490030168815917
2074 0.15803766801475141
2075 0.1676372826132926
2076 0.3921220173988746
2077 0.40755221640411465
2078 0.09244778359588543
2079 0.30517906723268506
2080 0.40755221640411465
2081 0.09244778359588543
2082 0.3026989153684402
2083 0.08200999000927325
2084 0.06264839984528976
2085 0.09046150746510924
2086 0.10848075947582451
2087 0.10848075947582451
2088 0.08200999000927325
2089 0.06399073799855796
2090 0.05883493977112076
2091 0.10848075947582451
2092 0.09046150746510924
2093 0.08530570923767203
2094 0.05883493977112076
2095 0.5
2096 0.8090037648531068
2097 0.19099623514689332
2098 0.5
2099 0.14404994486904238
2100 0.14404994486904238
2101 0.11446190096230366
2102 0.11194084145100001
2103 0.11194084145100001
2104 0.09289272277428053
2105 1.0
2106 0.7984192351068892
2107 0.20158076489311083
2108 0.08074526600150056
2109 0.08436148108616555
2110 0.11555705653566499
2111 0.21338565694558373
2112 0.16973504760800584
2113 0.15875921730185083
2114 0.12049210132363822
2115 0.15875921730185083
2116 0.1788687595190705
2117 1.0
2118 0.8171908040415634
2119 0.18280919595843664
2121 0.07078997637841644
2122 0.05044964517259362
2123 0.09178438971922784
2124 0.09178438971922784
2125 0.09178438971922784
2126 0.09178438971922784
2127 0.3922101000029303
2128 0.06966263687974227
2129 0.29159946031585277
2130 0.09178438971922784
2131 0.0722426303475836
2132 0.0722426303475836
2133 0.09178438971922784
2134 0.09178438971922784
2135 0.09178438971922784
2136 0.21557979999413954
2137 0.06966263687974227
2138 0.20781316872906763
2139 0.3922101000029303
2140 0.06966263687974227
2141 0.29159946031585277
2142 0.055176122040153076
2143 0.055176122040153076
2144 0.044528722161541884
2145 0.04014040186303288
2146 0.07179706621132119
2147 0.07179706621132119
2148 0.03965149456197967
2149 0.07179706621132119
2150 0.05892500839806759
2151 0.016620944171168103
2152 0.03965149456197967
2153 0.055176122040153076
2154 0.07179706621132119
2155 0.05566502934120629
2156 0.039044085170038184
2157 0.039044085170038184
2158 1.0
2159 0.2911736807939206
2160 0.7088263192060794
2161 0.07179706621132119
2162 0.055176122040153076
2163 0.023519457691864774
2164 0.023519457691864774
2165 0.054996148686613386
2166 0.0558666875215086
2167 0.07716954307825692
2168 0.10005596524692495
2169 0.10005596524692495
2170 0.054996148686613386
2171 0.10005596524692495
2172 0.07875310969017665
2173 0.10005596524692495
2174 0.10005596524692495
2175 0.07788257085528143
2176 0.10005596524692495
2177 0.2783076059287785
2178 0.055430893950622874
2179 0.23202708775910894
2180 0.36084619703561077
2181 0.055430893950622874
2182 0.23202708775910894
2183 0.36084619703561077
2184 0.12424392138602519
2185 0.30084011519451126
2186 0.1500618039013441
2187 0.3333333333333333
2188 0.08858803600956322
2189 0.11487365914327831
2190 0.1500618039013441
2191 0.1500618039013441
2192 0.11660557485656942
2193 0.11487365914327831
2194 0.11487365914327831
2195 0.3333333333333333
2196 0.3333333333333333
2197 0.803923969838148
2198 0.19607603016185204
2199 0.05799717825828789
2200 0.027073992020007848
2201 0.04117629187536942
2202 0.07430866932666406
2203 0.07430866932666406
2204 0.07430866932666406
2205 0.07430866932666406
2206 0.04117629187536942
2207 0.060206369471302486
2208 0.07430866932666406
2209 0.07430866932666406
2210 0.07430866932666406
2211 0.0574877829437456
2212 0.060206369471302486
2213 0.060206369471302486
2214 0.07430866932666406
2215 0.14511865757289832
2216 0.065242370573533
2217 0.11671500186938431
2218 0.42744067121355084
2219 0.065242370573533
2220 0.2683160502155877
2221 0.42744067121355084
2222 0.14070526356295365
2223 0.34377894320500835
2224 0.052263739805711015
2225 0.03674221018284113
2226 0.03674221018284113
2227 0.052762864187280024
2228 0.0682843938101499
2229 0.05516210633105772
2230 0.0682843938101499
2231 0.0682843938101499
2232 0.052762864187280024
2233 0.0682843938101499
2234 0.0682843938101499
2235 0.05516210633105772
2236 0.03964057670818783
2237 0.0682843938101499
2238 0.052263739805711015
2239 0.052263739805711015
2240 0.052263739805711015
2241 0.052263739805711015
2242 1.0
2243 0.2006894748618873
2244 0.7993105251381127
2245 0.07666817016155929
2246 0.10062130917581676
2247 0.07666817016155929
2248 0.058953277473070546
2249 0.05565344032218883
2250 0.05677630165655989
2251 0.04166803170274621
2252 0.10062130917581676
2253 0.05565344032218883
2254 0.07779103149593034
2255 0.044967868853627926
2256 0.10062130917581676
2257 0.07666817016155929
2258 0.07666817016155929
2259 1.0
2260 0.7524220385501351
2261 0.24757796144986488
2262 0.2173702035662736
2263 0.1781747992339123
2264 0.1427633539409725
2265 0.162053353688043
2266 0.08226808600452509
2267 0.2173702035662736
2270 1.0
2271 0.6555832334661571
2272 0.34441676653384296
2273 0.06110240132328121
2274 0.043722571498538004
2275 0.06110240132328121
2276 0.06110240132328121
2277 0.06110240132328121
2278 0.06478775487143242
2279 0.04813507574990045
2280 0.0821675846961756
2281 0.0821675846961756
2282 0.03844501319763761
2283 0.0821675846961756
2284 0.0821675846961756
2285 0.04852243663482076
2286 0.06110240132328121
2287 0.06110240132328121
2288 0.06110240132328121
2289 1.0
2290 0.1916851600944663
2291 0.8083148399055338
2292 0.08095711983482057
2293 0.0412999737295844
2294 0.08095711983482057
2295 0.06336488958084391
2296 0.10466486331042832
2297 0.10466486331042832
2298 0.26500673556372734
2299 0.09619292810388165
2300 0.4038070718961183
2301 0.26500673556372734
2302 0.10466486331042832
2303 0.08172397368175288
2304 0.08172397368175288
2305 0.10466486331042832
2306 0.10466486331042832
2307 0.046648633104283174
2308 0.20497979330881794
2309 0.26500673556372734
2310 0.09619292810388165
2311 0.4038070718961183
2312 0.07379187889235747
2313 0.05258900055055667
2314 0.07447369787521346
2315 0.07447369787521346
2316 0.09567657621701427
2317 0.09567657621701427
2318 0.36084619703561077
2319 0.06427709726587177
2320 0.26905623606746154
2321 0.07530613375228662
2322 0.07530613375228662
2323 0.09567657621701427
2324 0.09567657621701427
2325 0.09567657621701427
2326 0.09567657621701427
2327 0.2783076059287785
2328 0.06427709726587177
2329 0.26905623606746154
2330 0.36084619703561077
2331 0.06427709726587177
2332 0.26905623606746154
2333 0.0831331088105957
2334 0.1085941640082841
2335 0.1085941640082841
2336 0.08433945880316844
2337 0.04170144852170096
2338 0.0831331088105957
2339 0.1085941640082841
2340 0.09141720892450501
2341 0.08433945880316844
2342 0.03665242304400685
2343 1.0
2344 0.8101964906527621
2345 0.18980350934723791
2346 0.060907128249122505
2347 0.1085941640082841
2348 0.1970759234251002
2349 0.16076549004130597
2350 0.16364379574595742
2351 0.16076549004130597
2352 0.15410550500037298
2353 0.16364379574595742
2354 0.3008528539160949
2355 0.4035571659145098
2356 0.09644283408549015
2357 0.23194611206708676
2358 0.4035571659145098
2359 0.09644283408549015
2360 0.3008528539160949
2361 0.16634818010072358
2362 0.14119790009483577
2363 0.5253782423286896
2364 0.19582132610097228
2365 0.19582132610097228
2366 0.10077535299612751
2367 0.10077535299612751
2368 0.10549265785241407
2369 0.16011608385855056
2370 1.0
2371 0.3788264845784762
2372 0.0957952730928343
2373 0.05073144882809481
2374 0.049711177118214864
2375 0.06625897813614708
2376 0.052129659758732745
2377 0.08366978017526859
2378 0.06486076720550914
2379 0.08366978017526859
2380 0.08366978017526859
2381 0.08366978017526859
2382 0.5111785795731598
2383 0.051369405096175234
2384 0.06486076720550914
2385 0.08366978017526859
2386 0.06954046179785425
2387 0.06549872347358957
2388 0.04668971050383011
2389 1.0
2390 0.39626535148872966
2391 0.09255606893811043
2392 0.10077535299612751
2393 0.10077535299612751
2394 0.19582132610097228
2395 0.16011608385855056
2396 0.19582132610097228
2397 0.10549265785241407
2398 0.14119790009483577
2399 0.44387751456356217
2400 1.0
2401 0.44387751456356217
2402 0.11224497087287574
2403 0.10546141896489485
2404 0.08141314452954343
2405 0.08141314452954343
2406 0.058114095444294515
2407 0.08216236987964592
2408 0.10546141896489485
2411 0.3730951060407882
2412 0.10546141896489485
2413 0.04008045739225236
2414 0.05977805340982748
2415 0.10546141896489485
2416 0.06973163999041877
2417 0.10546141896489485
2419 1.0
2420 0.0856897048472286
2421 0.35416851473635586
2423 0.18704667437562736
2424 0.06475656550529339
2425 0.06475656550529339
2426 0.06475656550529339
2427 0.04946537041087713
2428 0.06816085144603948
2429 0.08403440872700832
2430 0.04677860400475429
2431 0.0660564472264692
2432 0.06816085144603948
2433 0.03148740891033803
2434 0.047360966191306864
2435 0.08403440872700832
2436 0.08403440872700832
2437 0.08403440872700832
2438 0.046061084470131054
2439 0.046061084470131054
2440 0.5
2441 0.09843441093998541
2442 0.4015655890600146
2443 0.5
2444 0.09843441093998541
2445 0.4015655890600146
2446 0.18396572150723786
2447 0.17847645254122105
2448 0.16687653524854038
2449 0.16687653524854038
2450 0.11983903394722255
2451 0.18396572150723786
2452 1.0
2453 0.8123419389708416
2454 0.18765806102915847
2457 0.059178861896197824
2458 0.04218119471652018
2459 0.059178861896197824
2460 0.059178861896197824
2461 0.07674471656452969
2462 0.043435576394343305
2463 0.06245566711028452
2464 0.07674471656452969
2465 0.07674471656452969
2466 0.033877327658840634
2467 0.06043324357402094
2468 0.06043324357402094
2469 0.07674471656452969
2470 0.07674471656452969
2471 0.07674471656452969
2472 0.059178861896197824
2473 0.4485010471426891
2474 1.0
2475 0.10726309849415683
2476 0.444235854363154
2477 0.04515174494297694
2478 0.027098149842047947
2479 0.027098149842047947
2480 0.04515174494297694
2481 0.08651276588588613
2482 0.06392587819583748
2483 0.07167554759016434
2484 0.08651276588588613
2485 0.06392587819583748
2486 0.06392587819583748
2487 0.06392587819583748
2488 0.0496850375320966
2489 0.045872283094908484
2490 0.08651276588588613
2491 0.08651276588588613
2492 0.08651276588588613
2493 0.424929901396284
2494 0.09418889655583718
2495 0.4058111034441628
2496 0.575070098603716
2497 0.09418889655583718
2498 0.4058111034441628
2499 0.15006180390134413
2500 0.3333333333333333
2501 0.3333333333333333
2502 0.11487365914327834
2503 0.15006180390134413
2504 0.15006180390134413
2505 0.15006180390134413
2506 0.11487365914327834
2507 0.08141743009850365
2508 0.08858803600956323
2509 0.3333333333333333
2510 0.803923969838148
2511 0.19607603016185204
2512 0.20396044966262794
2513 0.20396044966262794
2514 0.1614185592254538
2515 0.11335004589333114
2516 0.11335004589333114
2517 0.20396044966262794
2519 0.5028608254620193
2520 0.7447372201856041
2521 0.25526277981439593
2522 0.4971391745379808
2523 0.10392536404389938
2524 0.10052049851884502
2525 0.10052049851884502
2526 0.10052049851884502
2527 0.07534006065877354
2528 0.10392536404389938
2529 0.10775278583052736
2530 0.07193519513371918
2531 0.13163437068874678
2532 0.10392536404389938
2533 0.5
2534 0.359215166738422
2535 0.14078483326157798
2536 0.5
2537 0.359215166738422
2538 0.14078483326157798
2539 0.12184039189444912
2540 0.18250479045552354
2541 0.18633302221645345
2542 0.22215878516963472
2543 0.1614943866085603
2544 0.125668623655379
2547 1.0
2548 0.7462231727027606
2549 0.2537768272972394
2550 0.1024103237792447
2551 0.06718435326664055
2552 0.1024103237792447
2553 0.1024103237792447
2554 0.08354053225541981
2555 0.08086976604214786
2556 0.29288500973829595
2557 0.07921325832078954
2558 0.07921325832078954
2559 0.1024103237792447
2560 0.07996359370815612
2561 0.06360741471937685
2562 0.05676652824970097
2563 0.26182809302039384
2567 1.0
2568 0.08566690098386778
2569 0.35961999625744245
2570 0.12767169315434587
2571 0.12767169315434587
2572 0.5301054903287931
2573 0.17788355078254134
2574 0.1407111846282207
2575 0.05624556452114549
2576 0.09049932700002522
2577 0.12767169315434587
2578 0.15164529360502962
2579 1.0
2580 0.3804706236352813
2581 0.08942388603592567
2582 0.20396044966262794
2583 0.20396044966262794
2584 0.1614185592254538
2585 0.11335004589333114
2586 0.11335004589333114
2587 0.20396044966262794
2589 1.0
2590 0.7447372201856041
2591 0.25526277981439593
2593 0.03953147665785418
2594 0.09420150935941418
2595 0.11870989130684433
2596 0.11870989130684433
2597 0.09071617729708653
2598 0.0
2599 0.43316564122993717
2600 0.07297761777794852
2601 0.09071617729708653
2602 0.11870989130684433
2603 0.09965393646975075
2604 0.09203357261504212
2605 0.06403985860528431
2606 0.5668343587700628
2607 0.815853863344066
2608 0.18414613665593413
2609 0.10627305308664545
2610 0.10627305308664545
2611 0.10627305308664545
2612 0.061873288088388115
2613 0.08115373074292764
2614 0.10627305308664545
2615 0.08115373074292764
2616 0.060824678418319816
2617 0.10627305308664545
2618 0.08984813966658295
2619 0.05807581083302491
2620 0.035705356074602006
2621 0.5
2622 0.8131432988318251
2623 0.18685670116817488
2624 0.5
2625 0.1413711845177159
2626 0.1413711845177159
2627 0.3860491608371379
2628 0.10822091192270508
2629 0.1413711845177159
2630 0.1413711845177159
2631 0.1413711845177159
2632 0.10822091192270508
2633 0.07670225356601021
2634 0.22790167832572425
2635 0.3860491608371379
2636 0.803923969838148
2637 0.19607603016185204
2638 0.08031662196231387
2639 0.10539249256648033
2640 0.10539249256648033
2641 0.10539249256648033
2642 0.10539249256648033
2643 0.10539249256648033
2644 0.08350275515053768
2645 0.08350275515053768
2646 0.056428851226052255
2647 0.056428851226052255
2648 0.056428851226052255
2649 0.056428851226052255
2650 1.0
2651 0.8072228568626825
2652 0.19277714313731747
2653 0.09811202963573988
2654 0.07699173461587641
2655 0.09811202963573988
2656 0.06357332833248001
2657 0.07610324197486258
2658 0.09811202963573988
2659 0.25
2660 0.09619292810388165
2661 0.4038070718961183
2662 0.25
2663 0.09811202963573988
2664 0.07610324197486258
2665 0.07610324197486258
2666 0.09811202963573988
2667 0.09811202963573988
2668 0.042453033312616545
2669 0.25
2670 0.25
2671 0.09619292810388165
2672 0.4038070718961183
2673 0.22238571315209188
2674 0.22238571315209188
2675 0.4420269785418987
2676 0.17669661263479833
2677 0.14216443045705981
2678 0.3257233871564186
2679 0.11818376530197908
2680 0.11818376530197908
2681 0.37085269086676376
2682 0.2322496343016827
2683 0.3666542787443161
2684 0.26249303038892
2685 0.13072926915465116
2686 0.16770895726867693
2687 0.14084232692986617
2688 0.16770895726867693
2689 0.262480364349668
2690 0.262480364349668
2691 0.09457226295480077
2692 0.16770895726867693
2693 0.13072926915465116
2694 0.4750392713006641
2695 0.7123983154605669
2696 0.2876016845394331
2697 0.06173542859754119
2698 0.011840805091463662
2699 0.026169619282729772
2700 0.04360459964964626
2701 0.06173542859754119
2702 0.06173542859754119
2703 0.08043103088131595
2704 0.06299605051439947
2705 0.08043103088131595
2706 0.08043103088131595
2707 0.06299605051439947
2708 0.06230020193342103
2709 0.08043103088131595
2710 0.08043103088131595
2711 0.08043103088131595
2712 0.06230020193342103
2713 0.5
2714 0.09418889655583718
2715 0.4058111034441628
2716 0.5
2717 0.09418889655583718
2718 0.4058111034441628
2719 0.0831331088105957
2720 0.1085941640082841
2721 0.1085941640082841
2722 0.08433945880316844
2723 0.04170144852170096
2724 0.0831331088105957
2725 0.1085941640082841
2726 0.09141720892450501
2727 0.08433945880316844
2728 0.03665242304400685
2729 1.0
2730 0.8101964906527621
2731 0.18980350934723791
2732 0.060907128249122505
2733 0.1085941640082841
2734 0.15912969468917948
2735 0.20311684753461
2736 0.20311684753461
2737 0.157841579506117
2738 0.3029961715755871
2739 0.13098288254099325
2740 0.3102524599529323
2741 0.38675136847148056
2742 0.7070338176398898
2743 0.29296618236011024
2744 0.07213396499361674
2745 0.07367818320087358
2746 0.11999263943630183
2747 0.37215227650673205
2748 0.15644144253093442
2749 0.15644144253093442
2750 0.15644144253093442
2751 0.15644144253093442
2752 0.12712079521998024
2753 0.12712079521998024
2754 0.49637988023914215
2755 0.2854456799159283
2756 0.06974971253710424
2757 0.5036201197608579
2758 0.20290261850313107
2759 0.06974971253710424
2760 0.15670296767737674
2761 0.15670296767737674
2762 0.124515976615564
2763 0.12177347291331193
2764 0.12177347291331193
2765 0.10105221038158088
2766 0.6408052213888094
2767 0.7984192351068892
2768 0.20158076489311083
2769 0.3591947786111905
2770 0.09177160363288732
2771 0.1257073281885907
2772 0.04518300591852895
2773 0.04518300591852895
2774 0.06718554522987227
2775 0.08539284594626881
2776 0.08539284594626881
2777 0.04591803289722984
2778 0.012404807102128568
2779 0.08539284594626881
2780 0.0700869208675641
2781 0.055515765106444584
2782 0.0633903066349255
2783 0.0633903066349255
2784 0.0633903066349255
2785 0.08539284594626881
2786 0.0633903066349255
2787 0.0633903066349255
2788 0.4461387220189804
2789 1.0
2790 0.1077225559620392
2791 0.4461387220189804
2792 0.08421214513476169
2793 0.08421214513476169
2794 0.30015615375498406
2795 0.5
2796 0.0651371674274468
2797 0.013449707685939099
2798 0.03190768360858169
2799 0.08421214513476169
2800 0.06575416921211909
2801 0.07076243744882257
2802 0.06575416921211909
2803 0.0516874597415077
2804 0.0651371674274468
2805 0.0651371674274468
2806 0.08421214513476169
2807 0.08421214513476169
2808 0.08421214513476169
2809 0.5
2810 0.5652037886734343
2811 0.13464005757158165
2812 0.046845884296964284
2813 0.046845884296964284
2814 0.03409595495561307
2815 0.049797709157300876
2816 0.0845128692294551
2817 0.0845128692294551
2818 0.04821289706742005
2819 0.0667367869753949
2820 0.0845128692294551
2821 0.05249124232621443
2822 0.06536977420493913
2823 0.06536977420493913
2824 0.05544306718655102
2825 0.0845128692294551
2826 0.06536977420493913
2827 0.06536977420493913
2828 1.0
2829 0.4148056175209682
2830 0.17038876495806357
2831 0.4148056175209682
2832 0.21293833664189
2833 0.21293833664189
2834 0.12135989016931563
2835 0.15498221377816598
2836 0.15498221377816598
2837 0.14279900899057255
2838 0.35087084197393914
2839 0.4784703271929441
2840 0.10428506881353627
2841 0.3245645790130305
2843 0.3245645790130305
2844 0.31295953517998326
2845 0.10428506881353627
2846 0.048165882102600026
2847 0.048165882102600026
2848 0.06227260411706937
2849 0.06227260411706937
2850 0.04872521191633901
2851 0.020802757314600833
2852 0.0343501495153312
2853 0.048165882102600026
2854 0.06227260411706937
2855 0.06227260411706937
2856 0.04845687152980054
2857 0.0343501495153312
2858 0.037152308379521055
2859 0.037152308379521055
2860 0.06227260411706937
2861 0.048165882102600026
2862 0.06227260411706937
2863 0.06227260411706937
2864 0.06227260411706937
2865 0.048165882102600026
2866 0.5
2867 0.1738739861580157
2868 0.42164111328843484
2869 0.5
2870 0.07835888671156514
2871 0.3261260138419843
2872 0.07163825584521061
2873 0.07163825584521061
2874 0.09392969624853374
2875 0.07653488546302803
2876 0.09392969624853374
2877 0.09392969624853374
2878 0.07873517533891303
2879 0.09392969624853374
2880 0.09392969624853374
2881 0.07873517533891303
2882 0.07653488546302803
2883 0.07653488546302803
2884 0.21634094925764716
2885 0.048843680903563634
2886 0.20115631909643633
2887 0.2836590507423528
2888 0.048843680903563634
2889 0.20115631909643633
2890 0.2836590507423528
2891 0.048843680903563634
2892 0.20115631909643633
2893 0.21634094925764716
2894 0.048843680903563634
2895 0.20115631909643633
2896 0.06475656550529339
2897 0.06475656550529339
2898 0.06475656550529339
2899 0.04946537041087713
2900 0.06816085144603948
2901 0.08403440872700832
2902 0.04677860400475429
2903 0.0660564472264692
2904 0.06816085144603948
2905 0.03148740891033803
2906 0.047360966191306864
2907 0.08403440872700832
2908 0.08403440872700832
2909 0.08403440872700832
2910 0.046061084470131054
2911 0.046061084470131054
2912 0.5
2913 0.09843441093998541
2914 0.4015655890600146
2915 0.5
2916 0.09843441093998541
2917 0.4015655890600146
2918 0.05767077108953158
2919 0.040341901427189415
2920 0.07553943314384622
2921 0.05767077108953158
2922 0.05767077108953158
2923 0.040341901427189415
2924 0.07553943314384622
2925 0.07553943314384622
2926 0.07553943314384622
2927 0.05821056348150405
2928 0.07553943314384622
2929 0.06184440826385042
2930 0.07553943314384622
2931 0.05767077108953158
2932 0.05767077108953158
2933 0.05767077108953158
2934 0.4352191771978791
2935 0.08498833894615022
2936 0.25035304588853047
2937 0.5647808228021209
2938 0.19587736036038297
2939 0.46878125480493643
2940 0.061102401323281215
2941 0.061102401323281215
2942 0.061102401323281215
2943 0.04372257149853801
2944 0.04444972220174924
2945 0.08216758469617562
2946 0.08216758469617562
2947 0.06551490557464365
2948 0.061102401323281215
2949 0.04372257149853801
2950 0.016652679121531972
2951 0.08216758469617562
2952 0.08216758469617562
2953 0.06958762000771516
2954 0.08216758469617562
2955 0.061102401323281215
2956 1.0
2957 0.1916851600944663
2958 0.8083148399055338
2959 0.0700341731576468
2960 0.0700341731576468
2961 0.17729107804835967
2962 0.42262228824254805
2963 0.05347719026713499
2964 0.05347719026713499
2965 0.0572116500335143
2966 0.05456928807707667
2967 0.05456928807707667
2968 0.05456928807707667
2969 0.0700341731576468
2970 0.0700341731576468
2971 0.05347719026713499
2972 0.05347719026713499
2973 0.02342894931768213
2974 0.05456928807707667
2975 0.0572116500335143
2976 0.04287076407358537
2977 0.05347719026713499
2978 0.05347719026713499
2979 1.0
2980 0.32270892195164036
2981 0.07737771175745191
2982 0.05850688029042442
2983 0.05850688029042442
2984 0.07674400837145837
2985 0.07674400837145837
2986 0.07674400837145837
2987 0.04149945976363467
2988 0.04149945976363467
2989 0.07674400837145837
2990 0.07674400837145837
2991 0.059736587844668614
2992 0.04149945976363467
2993 0.05850688029042442
2994 0.06276658118355526
2995 0.07674400837145837
2996 0.05850688029042442
2997 0.05850688029042442
2998 0.5
2999 0.17754654713250323
3000 0.422965134415464
3001 0.5
3002 0.07703486558453598
3003 0.32245345286749677
3004 0.14028656403405618
3005 0.5048282305712894
3006 0.14701957473696883
3007 0.17814061426128613
3008 0.17814061426128613
3009 0.14701957473696883
3010 0.10469652898471694
3011 0.10469652898471694
3012 1.0
3013 0.3975545845506235
3014 0.09761718487808707
3015 0.20025331841567295
3016 0.15458571463406193
3017 0.15458571463406193
3018 0.16490030168815917
3019 0.15803766801475141
3020 0.1676372826132926
3021 0.5623424744937321
3022 0.40755221640411465
3023 0.09244778359588543
3024 0.43765752550626785
3025 0.40755221640411465
3026 0.09244778359588543
3028 0.06133255271346309
3029 0.0651947745361741
3030 0.09210124478564391
3031 0.10978438708963209
3032 0.08518815870839032
3033 0.06133255271346309
3034 0.3333333333333333
3035 0.10978438708963209
3036 0.09210124478564391
3037 0.08592878109470488
3038 0.08592878109470488
3039 0.08905038053110134
3040 0.06227275485744618
3041 0.3333333333333333
3042 0.3333333333333333
3043 0.2888414671936231
3044 0.7111585328063769
3045 0.08658413388600864
3046 0.06774971561769985
3047 0.08658413388600864
3048 0.08658413388600864
3049 0.08658413388600864
3050 0.08658413388600864
3051 0.23126777986944272
3052 0.04847233066756186
3053 0.14292902918989542
3054 0.3015274562526791
3055 0.10505692065368427
3056 0.2601263094749809
3057 0.08658413388600864
3058 0.08658413388600864
3059 0.06640894552221356
3060 0.08658413388600864
3061 0.08658413388600864
3062 0.08658413388600864
3063 0.23593698400843532
3064 0.04847233066756186
3065 0.20354171948885846
3066 0.23126777986944272
3067 0.14292902918989542
3068 0.04847233066756186
3069 0.16189736342623795
3070 0.16189736342623795
3071 0.16189736342623795
3072 0.12515374358690193
3073 0.09921811863973509
3074 0.23693559492936753
3075 0.3342562820733039
3076 0.16189736342623795
3077 0.12803868406841135
3078 0.4288081229973287
3079 0.8096936989144712
3080 0.1903063010855289
3081 0.05461172549065115
3082 0.05615644834076468
3083 0.08271830729038206
3084 0.09856625682435753
3085 0.055460910627576736
3086 0.06108881048012283
3087 0.09856625682435753
3088 0.09856625682435753
3089 0.09856625682435753
3090 0.09856625682435753
3091 0.09856625682435753
3092 0.09856625682435753
3093 0.27889007711757413
3094 0.06361908234194322
3095 0.2697142509913901
3096 0.36055496144121296
3097 0.06361908234194322
3098 0.2697142509913901
3099 0.36055496144121296
3100 0.06361908234194322
3101 0.2697142509913901
3102 0.0560036109356026
3103 0.0560036109356026
3104 0.06012660902206485
3105 0.0617835741884921
3106 0.0560036109356026
3107 0.0560036109356026
3108 0.07365547102322605
3109 0.07365547102322605
3110 0.07365547102322605
3111 0.0560036109356026
3112 0.0560036109356026
3113 0.0560036109356026
3114 0.07365547102322605
3115 0.0617835741884921
3116 0.07365547102322605
3117 0.0560036109356026
3118 0.5
3119 0.07758768996590755
3120 0.3211793277121089
3121 0.5
3122 0.17882067228789114
3123 0.42241231003409246
3124 0.097819272138336
3125 0.0746803704615056
3126 0.0522404692496113
3127 0.0522404692496113
3128 0.0753793709264417
3129 0.097819272138336
3132 0.3239946158030129
3133 0.097819272138336
3134 0.0753793709264417
3135 0.097819272138336
3136 0.08316431635637273
3137 0.097819272138336
3138 0.097819272138336
3141 1.0
3142 0.07174641085539413
3143 0.3021294866707965
3145 0.3021294866707965
3146 0.14404994486904238
3147 0.14404994486904238
3148 0.11446190096230366
3149 0.11194084145100001
3150 0.11194084145100001
3151 0.09289272277428053
3152 1.0
3153 0.7984192351068892
3154 0.20158076489311083
3155 0.08074526600150056
3156 0.08436148108616555
3157 0.11555705653566499
3158 0.07958756688999423
3159 0.06315409960270624
3160 0.07958756688999423
3161 0.08428860695898727
3162 0.1068414051756659
3163 0.1068414051756659
3164 0.3449792666871291
3165 0.09619292810388165
3166 0.4038070718961183
3167 0.14106155394826983
3168 0.06264626303713595
3169 0.1068414051756659
3170 0.2569795896823005
3171 0.07958756688999423
3172 0.07958756688999423
3173 0.07958756688999423
3174 0.07144898042420161
3175 0.2569795896823005
3176 0.09619292810388165
3177 0.4038070718961183
3178 0.1500618039013441
3179 0.3333333333333333
3180 0.3333333333333333
3181 0.12204426505433788
3182 0.11487365914327831
3183 0.11660557485656942
3184 0.08141743009850363
3185 0.11487365914327831
3186 0.1500618039013441
3187 0.1500618039013441
3188 0.3333333333333333
3189 0.803923969838148
3190 0.19607603016185204
3191 0.0612863623122857
3192 0.0612863623122857
3193 0.06612390962697413
3194 0.06513103810282775
3195 0.07962063074112226
3196 0.06612390962697413
3197 0.07962063074112226
3198 0.07962063074112226
3199 0.07962063074112226
3200 0.34072587743600763
3201 0.04778964119813758
3202 0.044205541373403566
3203 0.0612863623122857
3204 0.06612390962697413
3205 0.07962063074112226
3206 0.06253980980224012
3207 0.5
3208 0.06200628052577554
3209 0.26763078075622065
3210 0.5
3211 0.06200628052577554
3212 0.26763078075622065
3213 0.05003221148407485
3214 0.05003221148407485
3215 0.05003221148407485
3216 0.05003221148407485
3217 0.03946342885558827
3218 0.03946342885558827
3219 0.04055340036851061
3220 0.03946342885558827
3221 0.03909531776939811
3222 0.05003221148407485
3223 0.04199901191863926
3224 0.05003221148407485
3225 0.05003221148407485
3226 0.03909531776939811
3227 0.05003221148407485
3228 0.05003221148407485
3229 0.039017687024163146
3230 0.05003221148407485
3231 0.05003221148407485
3232 0.04199901191863926
3233 0.03946342885558827
3234 0.05003221148407485
3235 0.5
3236 0.1430340286962225
3237 0.3569659713037775
3238 0.5
3239 0.1430340286962225
3240 0.3569659713037775
3241 0.20396044966262794
3242 0.20396044966262794
3243 0.1614185592254538
3244 0.11335004589333114
3245 0.11335004589333114
3246 0.20396044966262794
3247 0.48334299502028977
3248 0.25980656800483176
3249 0.7447372201856041
3250 0.25526277981439593
3251 0.25685043697487864
3252 0.1167382672467284
3253 0.1167382672467284
3254 0.1167382672467284
3255 0.1167382672467284
3256 0.09790895929559036
3257 0.08985054271915592
3258 0.06843742865103213
3259 0.09298158655374514
3260 0.1167382672467284
3261 0.0671301465468343
3262 0.3650988506498148
3263 0.6349011493501852
3264 0.7152407629432049
3265 0.2847592370567951
3266 0.06135367376440553
3267 0.06135367376440553
3268 0.06135367376440553
3269 0.045881202142548295
3270 0.08014441341393616
3271 0.08014441341393616
3272 0.06262071067911001
3273 0.04714823905725278
3274 0.06467194179207894
3275 0.06262071067911001
3276 0.04382997102957937
3277 0.06135367376440553
3278 0.06467194179207894
3279 0.08014441341393616
3280 0.06135367376440553
3281 0.06135367376440553
3282 0.5
3283 0.17916925059084343
3284 0.4190913214958569
3285 0.5
3286 0.08090867850414307
3287 0.32083074940915657
3288 0.060007444205825856
3289 0.060007444205825856
3290 0.06432364232369338
3291 0.06605825140735704
3292 0.060007444205825856
3293 0.04277445101940568
3294 0.07848645479213327
3295 0.06125346160571311
3296 0.04882525822093687
3297 0.060007444205825856
3298 0.06125346160571311
3299 0.060007444205825856
3300 0.060007444205825856
3301 0.060007444205825856
3302 0.07848645479213327
3303 0.07848645479213327
3304 0.5
3305 0.07643240409342592
3306 0.3238419794355027
3307 0.5
3308 0.1761580205644973
3309 0.4235675959065741
3310 0.20232789499254586
3311 0.20232789499254586
3312 0.12858811578014573
3313 0.14886460068258595
3314 0.11556359855963073
3315 0.20232789499254586
3317 0.5028021115374635
3318 0.45038195716630514
3319 0.1401164147405376
3320 0.4971978884625366
3321 0.26938521335261967
3322 0.1401164147405376
3323 0.16287081708719764
3324 0.16287081708719764
3325 0.1294169418255066
3326 0.12656649281697166
3327 0.12656649281697166
3328 0.10502963866772759
3329 0.5548769643715409
3330 0.7984192351068892
3331 0.20158076489311083
3332 0.09129505368116106
3333 0.0953837460172663
3334 0.4451230356284591
3335 0.04056043383381287
3336 0.024937415353563332
3337 0.04119886675512303
3338 0.07360625461418233
3339 0.07360625461418233
3340 0.04056043383381287
3341 0.059858418846492185
3342 0.07360625461418233
3343 0.05682188523537257
3344 0.05682188523537257
3345 0.011189579585873174
3346 0.04172178473237309
3347 0.07360625461418233
3348 0.06241667502830916
3349 0.07360625461418233
3350 0.07360625461418233
3351 0.048668839260619
3352 0.07360625461418233
3353 1.0
3354 0.19481210315531078
3355 0.8051878968446892
3356 0.08978779214461267
3357 0.08978779214461267
3358 0.11799658004641812
3359 0.11799658004641812
3360 0.5
3361 0.06290652102368481
3362 0.06509111388568252
3363 0.11799658004641812
3364 0.11799658004641812
3365 0.09111530892549025
3366 0.045329512187979135
3367 0.06641863066656006
3368 0.01757700883570567
3369 0.5
3370 0.8131432988318251
3371 0.18685670116817488
